1-Wire/iButton Part Number: DS1923
1-Wire/iButton Registration Number: 3C0000001AC27441
Mission in Progress?  false
SUTA Mission?  false
Waiting for Temperature Alarm?  false
Sample Rate:  Every 7200 second(s)
Mission Start Time:  Fri Jun 20 13:00:01 MST 2014
Mission Sample Count:  4096
Roll Over Enabled?  false(no rollover occurred)
First Sample Timestamp:  Fri Jun 20 13:00:01 MST 2014
Total Mission Samples:  4096
Total Device Samples:  23318
Temperature Logging:  0.5 C
Temperature High Alarm:  disabled
Temperature Low Alarm:  disabled
Data Logging:  0.6 %RH
Data High Alarm:  disabled
Data Low Alarm:  disabled

Date/Time,Unit,Value
6/20/14 1:00:01 PM,C,16.562
6/20/14 3:00:01 PM,C,18.064
6/20/14 5:00:01 PM,C,18.064
6/20/14 7:00:01 PM,C,16.562
6/20/14 9:00:01 PM,C,10.549
6/20/14 11:00:01 PM,C,11.051
6/21/14 1:00:01 AM,C,10.549
6/21/14 3:00:01 AM,C,9.045
6/21/14 5:00:01 AM,C,8.544
6/21/14 7:00:01 AM,C,9.547
6/21/14 9:00:01 AM,C,13.055
6/21/14 11:00:01 AM,C,16.061
6/21/14 1:00:01 PM,C,16.061
6/21/14 3:00:01 PM,C,16.061
6/21/14 5:00:01 PM,C,16.562
6/21/14 7:00:01 PM,C,15.059
6/21/14 9:00:01 PM,C,11.051
6/21/14 11:00:01 PM,C,9.547
6/22/14 1:00:01 AM,C,10.048
6/22/14 3:00:01 AM,C,9.045
6/22/14 5:00:01 AM,C,8.544
6/22/14 7:00:01 AM,C,9.045
6/22/14 9:00:01 AM,C,12.554
6/22/14 11:00:01 AM,C,14.057
6/22/14 1:00:01 PM,C,16.562
6/22/14 3:00:01 PM,C,17.563
6/22/14 5:00:01 PM,C,17.063
6/22/14 7:00:01 PM,C,16.061
6/22/14 9:00:01 PM,C,11.051
6/22/14 11:00:01 PM,C,9.547
6/23/14 1:00:01 AM,C,11.051
6/23/14 3:00:01 AM,C,8.544
6/23/14 5:00:01 AM,C,9.045
6/23/14 7:00:01 AM,C,10.048
6/23/14 9:00:01 AM,C,14.057
6/23/14 11:00:01 AM,C,15.56
6/23/14 1:00:01 PM,C,17.063
6/23/14 3:00:01 PM,C,18.565
6/23/14 5:00:01 PM,C,18.064
6/23/14 7:00:01 PM,C,16.562
6/23/14 9:00:01 PM,C,13.556
6/23/14 11:00:01 PM,C,11.552
6/24/14 1:00:01 AM,C,9.547
6/24/14 3:00:01 AM,C,9.547
6/24/14 5:00:01 AM,C,8.042
6/24/14 7:00:01 AM,C,8.042
6/24/14 9:00:01 AM,C,13.556
6/24/14 11:00:01 AM,C,16.562
6/24/14 1:00:01 PM,C,18.565
6/24/14 3:00:01 PM,C,19.065
6/24/14 5:00:01 PM,C,19.065
6/24/14 7:00:01 PM,C,18.064
6/24/14 9:00:01 PM,C,12.554
6/24/14 11:00:01 PM,C,10.048
6/25/14 1:00:01 AM,C,10.048
6/25/14 3:00:01 AM,C,9.547
6/25/14 5:00:01 AM,C,8.544
6/25/14 7:00:01 AM,C,8.042
6/25/14 9:00:01 AM,C,13.055
6/25/14 11:00:01 AM,C,16.061
6/25/14 1:00:01 PM,C,18.064
6/25/14 3:00:01 PM,C,19.065
6/25/14 5:00:01 PM,C,19.065
6/25/14 7:00:01 PM,C,17.563
6/25/14 9:00:01 PM,C,13.055
6/25/14 11:00:01 PM,C,10.549
6/26/14 1:00:01 AM,C,9.547
6/26/14 3:00:01 AM,C,10.048
6/26/14 5:00:01 AM,C,8.042
6/26/14 7:00:01 AM,C,7.541
6/26/14 9:00:01 AM,C,12.554
6/26/14 11:00:01 AM,C,15.059
6/26/14 1:00:01 PM,C,17.063
6/26/14 3:00:01 PM,C,18.565
6/26/14 5:00:01 PM,C,16.562
6/26/14 7:00:01 PM,C,15.059
6/26/14 9:00:01 PM,C,14.057
6/26/14 11:00:01 PM,C,12.053
6/27/14 1:00:01 AM,C,11.552
6/27/14 3:00:01 AM,C,9.547
6/27/14 5:00:01 AM,C,7.541
6/27/14 7:00:01 AM,C,7.541
6/27/14 9:00:01 AM,C,10.048
6/27/14 11:00:01 AM,C,11.552
6/27/14 1:00:01 PM,C,13.055
6/27/14 3:00:01 PM,C,13.556
6/27/14 5:00:01 PM,C,13.055
6/27/14 7:00:01 PM,C,12.053
6/27/14 9:00:01 PM,C,11.051
6/27/14 11:00:01 PM,C,10.549
6/28/14 1:00:01 AM,C,9.547
6/28/14 3:00:01 AM,C,8.544
6/28/14 5:00:01 AM,C,8.042
6/28/14 7:00:01 AM,C,7.541
6/28/14 9:00:01 AM,C,10.048
6/28/14 11:00:01 AM,C,12.554
6/28/14 1:00:01 PM,C,14.057
6/28/14 3:00:01 PM,C,15.56
6/28/14 5:00:01 PM,C,17.063
6/28/14 7:00:01 PM,C,16.061
6/28/14 9:00:01 PM,C,12.053
6/28/14 11:00:01 PM,C,9.547
6/29/14 1:00:01 AM,C,9.547
6/29/14 3:00:01 AM,C,9.547
6/29/14 5:00:01 AM,C,9.547
6/29/14 7:00:01 AM,C,9.547
6/29/14 9:00:01 AM,C,14.057
6/29/14 11:00:01 AM,C,17.063
6/29/14 1:00:01 PM,C,19.566
6/29/14 3:00:01 PM,C,20.066
6/29/14 5:00:01 PM,C,20.567
6/29/14 7:00:01 PM,C,19.566
6/29/14 9:00:01 PM,C,14.558
6/29/14 11:00:01 PM,C,13.055
6/30/14 1:00:01 AM,C,12.554
6/30/14 3:00:01 AM,C,12.053
6/30/14 5:00:01 AM,C,11.552
6/30/14 7:00:01 AM,C,11.552
6/30/14 9:00:01 AM,C,16.061
6/30/14 11:00:01 AM,C,19.065
6/30/14 1:00:01 PM,C,18.565
6/30/14 3:00:01 PM,C,21.067
6/30/14 5:00:01 PM,C,21.067
6/30/14 7:00:01 PM,C,20.066
6/30/14 9:00:01 PM,C,17.063
6/30/14 11:00:01 PM,C,15.56
7/1/14 1:00:01 AM,C,14.558
7/1/14 3:00:01 AM,C,13.556
7/1/14 5:00:01 AM,C,12.554
7/1/14 7:00:01 AM,C,13.055
7/1/14 9:00:01 AM,C,15.059
7/1/14 11:00:01 AM,C,17.563
7/1/14 1:00:01 PM,C,19.065
7/1/14 3:00:01 PM,C,20.066
7/1/14 5:00:01 PM,C,20.066
7/1/14 7:00:01 PM,C,19.065
7/1/14 9:00:01 PM,C,15.56
7/1/14 11:00:01 PM,C,14.558
7/2/14 1:00:01 AM,C,14.057
7/2/14 3:00:01 AM,C,10.549
7/2/14 5:00:01 AM,C,9.045
7/2/14 7:00:01 AM,C,9.045
7/2/14 9:00:01 AM,C,14.057
7/2/14 11:00:01 AM,C,16.562
7/2/14 1:00:01 PM,C,18.565
7/2/14 3:00:01 PM,C,19.065
7/2/14 5:00:01 PM,C,18.064
7/2/14 7:00:01 PM,C,19.065
7/2/14 9:00:01 PM,C,14.558
7/2/14 11:00:01 PM,C,13.055
7/3/14 1:00:01 AM,C,13.556
7/3/14 3:00:01 AM,C,12.053
7/3/14 5:00:01 AM,C,11.051
7/3/14 7:00:01 AM,C,11.051
7/3/14 9:00:01 AM,C,14.057
7/3/14 11:00:01 AM,C,16.061
7/3/14 1:00:01 PM,C,17.563
7/3/14 3:00:01 PM,C,13.055
7/3/14 5:00:01 PM,C,16.061
7/3/14 7:00:01 PM,C,17.563
7/3/14 9:00:01 PM,C,15.059
7/3/14 11:00:01 PM,C,14.057
7/4/14 1:00:01 AM,C,12.053
7/4/14 3:00:01 AM,C,10.048
7/4/14 5:00:01 AM,C,10.549
7/4/14 7:00:01 AM,C,9.045
7/4/14 9:00:01 AM,C,13.556
7/4/14 11:00:01 AM,C,16.562
7/4/14 1:00:01 PM,C,19.065
7/4/14 3:00:01 PM,C,9.547
7/4/14 5:00:01 PM,C,12.554
7/4/14 7:00:01 PM,C,10.048
7/4/14 9:00:01 PM,C,9.045
7/4/14 11:00:01 PM,C,8.544
7/5/14 1:00:01 AM,C,8.544
7/5/14 3:00:01 AM,C,7.541
7/5/14 5:00:01 AM,C,7.039
7/5/14 7:00:01 AM,C,7.541
7/5/14 9:00:01 AM,C,13.055
7/5/14 11:00:01 AM,C,15.56
7/5/14 1:00:01 PM,C,13.556
7/5/14 3:00:01 PM,C,8.544
7/5/14 5:00:01 PM,C,11.051
7/5/14 7:00:01 PM,C,9.547
7/5/14 9:00:01 PM,C,11.051
7/5/14 11:00:01 PM,C,12.554
7/6/14 1:00:01 AM,C,10.048
7/6/14 3:00:01 AM,C,8.544
7/6/14 5:00:01 AM,C,8.042
7/6/14 7:00:01 AM,C,11.051
7/6/14 9:00:01 AM,C,14.057
7/6/14 11:00:01 AM,C,15.56
7/6/14 1:00:01 PM,C,17.063
7/6/14 3:00:01 PM,C,14.558
7/6/14 5:00:01 PM,C,12.554
7/6/14 7:00:01 PM,C,15.56
7/6/14 9:00:01 PM,C,15.059
7/6/14 11:00:01 PM,C,15.56
7/7/14 1:00:01 AM,C,13.055
7/7/14 3:00:01 AM,C,13.556
7/7/14 5:00:01 AM,C,12.053
7/7/14 7:00:01 AM,C,12.053
7/7/14 9:00:01 AM,C,15.56
7/7/14 11:00:01 AM,C,17.563
7/7/14 1:00:01 PM,C,20.066
7/7/14 3:00:01 PM,C,15.56
7/7/14 5:00:01 PM,C,16.061
7/7/14 7:00:01 PM,C,14.057
7/7/14 9:00:01 PM,C,14.558
7/7/14 11:00:01 PM,C,13.556
7/8/14 1:00:01 AM,C,11.051
7/8/14 3:00:01 AM,C,11.051
7/8/14 5:00:01 AM,C,10.549
7/8/14 7:00:01 AM,C,12.053
7/8/14 9:00:01 AM,C,15.059
7/8/14 11:00:01 AM,C,18.064
7/8/14 1:00:01 PM,C,19.566
7/8/14 3:00:01 PM,C,18.565
7/8/14 5:00:01 PM,C,11.552
7/8/14 7:00:01 PM,C,15.059
7/8/14 9:00:01 PM,C,13.556
7/8/14 11:00:01 PM,C,12.053
7/9/14 1:00:01 AM,C,11.552
7/9/14 3:00:01 AM,C,9.045
7/9/14 5:00:01 AM,C,8.042
7/9/14 7:00:01 AM,C,8.544
7/9/14 9:00:01 AM,C,12.053
7/9/14 11:00:01 AM,C,15.059
7/9/14 1:00:01 PM,C,17.063
7/9/14 3:00:01 PM,C,13.055
7/9/14 5:00:01 PM,C,13.556
7/9/14 7:00:01 PM,C,14.057
7/9/14 9:00:01 PM,C,11.552
7/9/14 11:00:01 PM,C,10.549
7/10/14 1:00:01 AM,C,10.549
7/10/14 3:00:01 AM,C,8.042
7/10/14 5:00:01 AM,C,8.544
7/10/14 7:00:01 AM,C,10.549
7/10/14 9:00:01 AM,C,13.556
7/10/14 11:00:01 AM,C,16.061
7/10/14 1:00:01 PM,C,15.059
7/10/14 3:00:01 PM,C,16.061
7/10/14 5:00:01 PM,C,16.562
7/10/14 7:00:01 PM,C,14.057
7/10/14 9:00:01 PM,C,12.053
7/10/14 11:00:01 PM,C,11.051
7/11/14 1:00:01 AM,C,11.051
7/11/14 3:00:01 AM,C,11.552
7/11/14 5:00:01 AM,C,10.549
7/11/14 7:00:01 AM,C,10.048
7/11/14 9:00:01 AM,C,12.554
7/11/14 11:00:01 AM,C,15.56
7/11/14 1:00:01 PM,C,16.061
7/11/14 3:00:01 PM,C,17.063
7/11/14 5:00:01 PM,C,17.563
7/11/14 7:00:01 PM,C,18.565
7/11/14 9:00:01 PM,C,14.558
7/11/14 11:00:01 PM,C,13.055
7/12/14 1:00:01 AM,C,12.554
7/12/14 3:00:01 AM,C,11.552
7/12/14 5:00:01 AM,C,11.051
7/12/14 7:00:01 AM,C,10.048
7/12/14 9:00:01 AM,C,14.057
7/12/14 11:00:01 AM,C,16.061
7/12/14 1:00:01 PM,C,12.554
7/12/14 3:00:01 PM,C,10.048
7/12/14 5:00:01 PM,C,10.549
7/12/14 7:00:01 PM,C,12.554
7/12/14 9:00:01 PM,C,13.556
7/12/14 11:00:01 PM,C,13.055
7/13/14 1:00:01 AM,C,11.552
7/13/14 3:00:01 AM,C,11.552
7/13/14 5:00:01 AM,C,10.048
7/13/14 7:00:01 AM,C,9.045
7/13/14 9:00:01 AM,C,14.057
7/13/14 11:00:01 AM,C,16.061
7/13/14 1:00:01 PM,C,17.563
7/13/14 3:00:01 PM,C,19.566
7/13/14 5:00:01 PM,C,14.057
7/13/14 7:00:01 PM,C,16.061
7/13/14 9:00:01 PM,C,12.053
7/13/14 11:00:01 PM,C,11.552
7/14/14 1:00:01 AM,C,11.552
7/14/14 3:00:01 AM,C,9.547
7/14/14 5:00:01 AM,C,9.547
7/14/14 7:00:01 AM,C,9.547
7/14/14 9:00:01 AM,C,13.556
7/14/14 11:00:01 AM,C,16.061
7/14/14 1:00:01 PM,C,17.063
7/14/14 3:00:01 PM,C,18.064
7/14/14 5:00:01 PM,C,8.544
7/14/14 7:00:01 PM,C,8.544
7/14/14 9:00:01 PM,C,8.544
7/14/14 11:00:01 PM,C,9.045
7/15/14 1:00:01 AM,C,10.549
7/15/14 3:00:01 AM,C,9.045
7/15/14 5:00:01 AM,C,8.544
7/15/14 7:00:01 AM,C,8.544
7/15/14 9:00:01 AM,C,11.051
7/15/14 11:00:01 AM,C,13.556
7/15/14 1:00:01 PM,C,14.558
7/15/14 3:00:01 PM,C,16.562
7/15/14 5:00:01 PM,C,17.563
7/15/14 7:00:01 PM,C,16.562
7/15/14 9:00:01 PM,C,14.057
7/15/14 11:00:01 PM,C,14.057
7/16/14 1:00:01 AM,C,12.053
7/16/14 3:00:01 AM,C,11.051
7/16/14 5:00:01 AM,C,9.045
7/16/14 7:00:01 AM,C,9.045
7/16/14 9:00:01 AM,C,12.053
7/16/14 11:00:01 AM,C,13.556
7/16/14 1:00:01 PM,C,15.059
7/16/14 3:00:01 PM,C,16.562
7/16/14 5:00:01 PM,C,17.063
7/16/14 7:00:01 PM,C,17.063
7/16/14 9:00:01 PM,C,13.556
7/16/14 11:00:01 PM,C,12.053
7/17/14 1:00:01 AM,C,11.051
7/17/14 3:00:01 AM,C,9.045
7/17/14 5:00:01 AM,C,8.042
7/17/14 7:00:01 AM,C,8.042
7/17/14 9:00:01 AM,C,12.053
7/17/14 11:00:01 AM,C,14.558
7/17/14 1:00:01 PM,C,16.562
7/17/14 3:00:01 PM,C,18.064
7/17/14 5:00:01 PM,C,18.064
7/17/14 7:00:01 PM,C,17.563
7/17/14 9:00:01 PM,C,14.558
7/17/14 11:00:01 PM,C,13.556
7/18/14 1:00:01 AM,C,12.554
7/18/14 3:00:01 AM,C,13.055
7/18/14 5:00:01 AM,C,9.045
7/18/14 7:00:01 AM,C,9.045
7/18/14 9:00:01 AM,C,15.059
7/18/14 11:00:01 AM,C,16.562
7/18/14 1:00:01 PM,C,18.565
7/18/14 3:00:01 PM,C,19.065
7/18/14 5:00:01 PM,C,19.065
7/18/14 7:00:01 PM,C,18.064
7/18/14 9:00:01 PM,C,15.56
7/18/14 11:00:01 PM,C,14.057
7/19/14 1:00:01 AM,C,15.059
7/19/14 3:00:01 AM,C,15.059
7/19/14 5:00:01 AM,C,11.552
7/19/14 7:00:01 AM,C,11.051
7/19/14 9:00:01 AM,C,15.56
7/19/14 11:00:01 AM,C,17.563
7/19/14 1:00:01 PM,C,19.566
7/19/14 3:00:01 PM,C,20.066
7/19/14 5:00:01 PM,C,18.565
7/19/14 7:00:01 PM,C,17.063
7/19/14 9:00:01 PM,C,16.061
7/19/14 11:00:01 PM,C,13.055
7/20/14 1:00:01 AM,C,12.554
7/20/14 3:00:01 AM,C,12.053
7/20/14 5:00:01 AM,C,11.552
7/20/14 7:00:01 AM,C,11.051
7/20/14 9:00:01 AM,C,15.059
7/20/14 11:00:01 AM,C,17.063
7/20/14 1:00:01 PM,C,19.566
7/20/14 3:00:01 PM,C,19.566
7/20/14 5:00:01 PM,C,19.065
7/20/14 7:00:01 PM,C,19.065
7/20/14 9:00:01 PM,C,15.059
7/20/14 11:00:01 PM,C,13.055
7/21/14 1:00:01 AM,C,12.053
7/21/14 3:00:01 AM,C,12.053
7/21/14 5:00:01 AM,C,11.051
7/21/14 7:00:01 AM,C,10.549
7/21/14 9:00:01 AM,C,13.055
7/21/14 11:00:01 AM,C,17.063
7/21/14 1:00:01 PM,C,18.064
7/21/14 3:00:01 PM,C,20.567
7/21/14 5:00:01 PM,C,19.566
7/21/14 7:00:01 PM,C,18.064
7/21/14 9:00:01 PM,C,15.059
7/21/14 11:00:01 PM,C,11.552
7/22/14 1:00:01 AM,C,11.552
7/22/14 3:00:01 AM,C,11.051
7/22/14 5:00:01 AM,C,14.057
7/22/14 7:00:01 AM,C,14.558
7/22/14 9:00:01 AM,C,16.061
7/22/14 11:00:01 AM,C,19.065
7/22/14 1:00:01 PM,C,21.567
7/22/14 3:00:01 PM,C,23.568
7/22/14 5:00:01 PM,C,22.568
7/22/14 7:00:01 PM,C,20.567
7/22/14 9:00:01 PM,C,19.065
7/22/14 11:00:01 PM,C,17.563
7/23/14 1:00:01 AM,C,15.56
7/23/14 3:00:01 AM,C,15.059
7/23/14 5:00:01 AM,C,15.059
7/23/14 7:00:01 AM,C,13.055
7/23/14 9:00:01 AM,C,17.063
7/23/14 11:00:01 AM,C,17.563
7/23/14 1:00:01 PM,C,21.567
7/23/14 3:00:01 PM,C,23.068
7/23/14 5:00:01 PM,C,21.067
7/23/14 7:00:01 PM,C,21.067
7/23/14 9:00:01 PM,C,17.563
7/23/14 11:00:01 PM,C,16.061
7/24/14 1:00:01 AM,C,14.057
7/24/14 3:00:01 AM,C,13.055
7/24/14 5:00:01 AM,C,12.554
7/24/14 7:00:01 AM,C,12.053
7/24/14 9:00:01 AM,C,15.059
7/24/14 11:00:01 AM,C,15.56
7/24/14 1:00:01 PM,C,17.063
7/24/14 3:00:01 PM,C,16.061
7/24/14 5:00:01 PM,C,16.562
7/24/14 7:00:01 PM,C,15.56
7/24/14 9:00:01 PM,C,11.552
7/24/14 11:00:01 PM,C,11.552
7/25/14 1:00:01 AM,C,12.554
7/25/14 3:00:01 AM,C,14.057
7/25/14 5:00:01 AM,C,11.552
7/25/14 7:00:01 AM,C,11.552
7/25/14 9:00:01 AM,C,13.055
7/25/14 11:00:01 AM,C,16.562
7/25/14 1:00:01 PM,C,18.064
7/25/14 3:00:01 PM,C,19.566
7/25/14 5:00:01 PM,C,19.566
7/25/14 7:00:01 PM,C,19.065
7/25/14 9:00:01 PM,C,14.558
7/25/14 11:00:01 PM,C,12.554
7/26/14 1:00:01 AM,C,12.053
7/26/14 3:00:01 AM,C,14.558
7/26/14 5:00:01 AM,C,13.556
7/26/14 7:00:01 AM,C,11.552
7/26/14 9:00:01 AM,C,15.059
7/26/14 11:00:01 AM,C,17.063
7/26/14 1:00:01 PM,C,20.066
7/26/14 3:00:01 PM,C,20.066
7/26/14 5:00:01 PM,C,20.066
7/26/14 7:00:01 PM,C,19.566
7/26/14 9:00:01 PM,C,17.063
7/26/14 11:00:01 PM,C,16.562
7/27/14 1:00:01 AM,C,16.061
7/27/14 3:00:01 AM,C,14.558
7/27/14 5:00:01 AM,C,14.558
7/27/14 7:00:01 AM,C,12.554
7/27/14 9:00:01 AM,C,15.059
7/27/14 11:00:01 AM,C,17.563
7/27/14 1:00:01 PM,C,18.565
7/27/14 3:00:01 PM,C,18.565
7/27/14 5:00:01 PM,C,18.565
7/27/14 7:00:01 PM,C,13.556
7/27/14 9:00:01 PM,C,11.051
7/27/14 11:00:01 PM,C,10.549
7/28/14 1:00:01 AM,C,11.051
7/28/14 3:00:01 AM,C,10.048
7/28/14 5:00:01 AM,C,9.045
7/28/14 7:00:01 AM,C,9.045
7/28/14 9:00:01 AM,C,12.053
7/28/14 11:00:01 AM,C,14.057
7/28/14 1:00:01 PM,C,11.051
7/28/14 3:00:01 PM,C,14.558
7/28/14 5:00:01 PM,C,14.558
7/28/14 7:00:01 PM,C,12.053
7/28/14 9:00:01 PM,C,8.544
7/28/14 11:00:01 PM,C,9.045
7/29/14 1:00:01 AM,C,8.544
7/29/14 3:00:01 AM,C,8.544
7/29/14 5:00:01 AM,C,8.544
7/29/14 7:00:01 AM,C,8.042
7/29/14 9:00:01 AM,C,10.048
7/29/14 11:00:01 AM,C,12.053
7/29/14 1:00:01 PM,C,13.055
7/29/14 3:00:01 PM,C,14.057
7/29/14 5:00:01 PM,C,12.554
7/29/14 7:00:01 PM,C,13.055
7/29/14 9:00:01 PM,C,11.051
7/29/14 11:00:01 PM,C,11.552
7/30/14 1:00:01 AM,C,12.053
7/30/14 3:00:01 AM,C,10.549
7/30/14 5:00:01 AM,C,10.048
7/30/14 7:00:01 AM,C,8.042
7/30/14 9:00:01 AM,C,12.053
7/30/14 11:00:01 AM,C,14.558
7/30/14 1:00:01 PM,C,16.061
7/30/14 3:00:01 PM,C,15.059
7/30/14 5:00:01 PM,C,16.562
7/30/14 7:00:01 PM,C,15.059
7/30/14 9:00:01 PM,C,13.055
7/30/14 11:00:01 PM,C,12.554
7/31/14 1:00:01 AM,C,11.552
7/31/14 3:00:01 AM,C,12.053
7/31/14 5:00:01 AM,C,11.552
7/31/14 7:00:01 AM,C,9.547
7/31/14 9:00:01 AM,C,12.554
7/31/14 11:00:01 AM,C,14.558
7/31/14 1:00:01 PM,C,14.558
7/31/14 3:00:01 PM,C,14.057
7/31/14 5:00:01 PM,C,15.059
7/31/14 7:00:01 PM,C,14.057
7/31/14 9:00:01 PM,C,11.051
7/31/14 11:00:01 PM,C,10.549
8/1/14 1:00:01 AM,C,9.547
8/1/14 3:00:01 AM,C,10.549
8/1/14 5:00:01 AM,C,10.048
8/1/14 7:00:01 AM,C,9.547
8/1/14 9:00:01 AM,C,11.051
8/1/14 11:00:01 AM,C,13.556
8/1/14 1:00:01 PM,C,15.56
8/1/14 3:00:01 PM,C,13.055
8/1/14 5:00:01 PM,C,10.549
8/1/14 7:00:01 PM,C,13.556
8/1/14 9:00:01 PM,C,11.051
8/1/14 11:00:01 PM,C,8.544
8/2/14 1:00:01 AM,C,8.042
8/2/14 3:00:01 AM,C,7.541
8/2/14 5:00:01 AM,C,7.039
8/2/14 7:00:01 AM,C,6.537
8/2/14 9:00:01 AM,C,10.048
8/2/14 11:00:01 AM,C,12.053
8/2/14 1:00:01 PM,C,13.055
8/2/14 3:00:01 PM,C,14.558
8/2/14 5:00:01 PM,C,12.554
8/2/14 7:00:01 PM,C,12.554
8/2/14 9:00:01 PM,C,11.552
8/2/14 11:00:01 PM,C,10.048
8/3/14 1:00:01 AM,C,10.048
8/3/14 3:00:01 AM,C,9.045
8/3/14 5:00:01 AM,C,8.544
8/3/14 7:00:01 AM,C,8.042
8/3/14 9:00:01 AM,C,10.048
8/3/14 11:00:01 AM,C,13.055
8/3/14 1:00:01 PM,C,14.558
8/3/14 3:00:01 PM,C,15.56
8/3/14 5:00:01 PM,C,16.061
8/3/14 7:00:01 PM,C,13.556
8/3/14 9:00:01 PM,C,12.053
8/3/14 11:00:01 PM,C,11.552
8/4/14 1:00:01 AM,C,10.048
8/4/14 3:00:01 AM,C,9.547
8/4/14 5:00:01 AM,C,9.547
8/4/14 7:00:01 AM,C,9.045
8/4/14 9:00:01 AM,C,11.051
8/4/14 11:00:01 AM,C,12.554
8/4/14 1:00:01 PM,C,14.057
8/4/14 3:00:01 PM,C,11.552
8/4/14 5:00:01 PM,C,13.055
8/4/14 7:00:01 PM,C,13.055
8/4/14 9:00:01 PM,C,10.048
8/4/14 11:00:01 PM,C,10.048
8/5/14 1:00:01 AM,C,9.547
8/5/14 3:00:01 AM,C,10.048
8/5/14 5:00:01 AM,C,8.042
8/5/14 7:00:01 AM,C,8.042
8/5/14 9:00:01 AM,C,8.544
8/5/14 11:00:01 AM,C,10.048
8/5/14 1:00:01 PM,C,14.057
8/5/14 3:00:01 PM,C,13.556
8/5/14 5:00:01 PM,C,15.56
8/5/14 7:00:01 PM,C,14.057
8/5/14 9:00:01 PM,C,10.048
8/5/14 11:00:01 PM,C,9.045
8/6/14 1:00:01 AM,C,8.544
8/6/14 3:00:01 AM,C,7.541
8/6/14 5:00:01 AM,C,7.541
8/6/14 7:00:01 AM,C,6.537
8/6/14 9:00:01 AM,C,11.552
8/6/14 11:00:01 AM,C,14.057
8/6/14 1:00:01 PM,C,16.562
8/6/14 3:00:01 PM,C,17.563
8/6/14 5:00:01 PM,C,16.061
8/6/14 7:00:01 PM,C,15.56
8/6/14 9:00:01 PM,C,11.051
8/6/14 11:00:01 PM,C,10.549
8/7/14 1:00:01 AM,C,10.549
8/7/14 3:00:01 AM,C,9.547
8/7/14 5:00:01 AM,C,9.045
8/7/14 7:00:01 AM,C,8.544
8/7/14 9:00:01 AM,C,12.554
8/7/14 11:00:01 AM,C,15.56
8/7/14 1:00:01 PM,C,17.063
8/7/14 3:00:01 PM,C,18.064
8/7/14 5:00:01 PM,C,16.562
8/7/14 7:00:01 PM,C,16.562
8/7/14 9:00:01 PM,C,11.552
8/7/14 11:00:01 PM,C,10.048
8/8/14 1:00:01 AM,C,8.544
8/8/14 3:00:01 AM,C,8.042
8/8/14 5:00:01 AM,C,7.039
8/8/14 7:00:01 AM,C,7.541
8/8/14 9:00:01 AM,C,11.552
8/8/14 11:00:01 AM,C,14.558
8/8/14 1:00:01 PM,C,15.059
8/8/14 3:00:01 PM,C,17.063
8/8/14 5:00:01 PM,C,17.563
8/8/14 7:00:01 PM,C,16.061
8/8/14 9:00:01 PM,C,10.549
8/8/14 11:00:01 PM,C,9.045
8/9/14 1:00:01 AM,C,11.051
8/9/14 3:00:01 AM,C,8.544
8/9/14 5:00:01 AM,C,7.541
8/9/14 7:00:01 AM,C,7.541
8/9/14 9:00:01 AM,C,12.554
8/9/14 11:00:01 AM,C,15.56
8/9/14 1:00:01 PM,C,16.061
8/9/14 3:00:01 PM,C,16.061
8/9/14 5:00:01 PM,C,17.063
8/9/14 7:00:01 PM,C,17.063
8/9/14 9:00:01 PM,C,14.057
8/9/14 11:00:01 PM,C,13.055
8/10/14 1:00:01 AM,C,13.055
8/10/14 3:00:01 AM,C,9.547
8/10/14 5:00:01 AM,C,12.053
8/10/14 7:00:01 AM,C,12.053
8/10/14 9:00:01 AM,C,14.057
8/10/14 11:00:01 AM,C,16.562
8/10/14 1:00:01 PM,C,13.556
8/10/14 3:00:01 PM,C,16.562
8/10/14 5:00:01 PM,C,18.064
8/10/14 7:00:01 PM,C,15.56
8/10/14 9:00:01 PM,C,14.558
8/10/14 11:00:01 PM,C,11.051
8/11/14 1:00:01 AM,C,12.053
8/11/14 3:00:01 AM,C,10.048
8/11/14 5:00:01 AM,C,10.048
8/11/14 7:00:01 AM,C,9.547
8/11/14 9:00:01 AM,C,12.554
8/11/14 11:00:01 AM,C,15.56
8/11/14 1:00:01 PM,C,14.057
8/11/14 3:00:01 PM,C,15.059
8/11/14 5:00:01 PM,C,15.059
8/11/14 7:00:01 PM,C,14.057
8/11/14 9:00:01 PM,C,10.549
8/11/14 11:00:01 PM,C,10.549
8/12/14 1:00:01 AM,C,11.552
8/12/14 3:00:01 AM,C,10.549
8/12/14 5:00:01 AM,C,10.048
8/12/14 7:00:01 AM,C,9.547
8/12/14 9:00:01 AM,C,12.053
8/12/14 11:00:01 AM,C,13.556
8/12/14 1:00:01 PM,C,15.059
8/12/14 3:00:01 PM,C,14.558
8/12/14 5:00:01 PM,C,15.059
8/12/14 7:00:01 PM,C,12.554
8/12/14 9:00:01 PM,C,12.554
8/12/14 11:00:01 PM,C,11.552
8/13/14 1:00:01 AM,C,11.552
8/13/14 3:00:01 AM,C,12.053
8/13/14 5:00:01 AM,C,11.552
8/13/14 7:00:01 AM,C,11.051
8/13/14 9:00:01 AM,C,11.051
8/13/14 11:00:01 AM,C,13.556
8/13/14 1:00:01 PM,C,16.061
8/13/14 3:00:01 PM,C,13.055
8/13/14 5:00:01 PM,C,12.053
8/13/14 7:00:01 PM,C,11.051
8/13/14 9:00:01 PM,C,10.048
8/13/14 11:00:01 PM,C,9.045
8/14/14 1:00:01 AM,C,9.547
8/14/14 3:00:01 AM,C,9.547
8/14/14 5:00:01 AM,C,9.045
8/14/14 7:00:01 AM,C,8.544
8/14/14 9:00:01 AM,C,9.045
8/14/14 11:00:01 AM,C,10.048
8/14/14 1:00:01 PM,C,11.552
8/14/14 3:00:01 PM,C,12.554
8/14/14 5:00:01 PM,C,13.556
8/14/14 7:00:01 PM,C,12.554
8/14/14 9:00:01 PM,C,10.549
8/14/14 11:00:01 PM,C,11.051
8/15/14 1:00:01 AM,C,10.549
8/15/14 3:00:01 AM,C,8.042
8/15/14 5:00:01 AM,C,8.042
8/15/14 7:00:01 AM,C,8.544
8/15/14 9:00:01 AM,C,12.554
8/15/14 11:00:01 AM,C,15.56
8/15/14 1:00:01 PM,C,16.061
8/15/14 3:00:01 PM,C,16.562
8/15/14 5:00:01 PM,C,15.059
8/15/14 7:00:01 PM,C,16.061
8/15/14 9:00:01 PM,C,13.055
8/15/14 11:00:01 PM,C,13.055
8/16/14 1:00:01 AM,C,12.053
8/16/14 3:00:01 AM,C,12.554
8/16/14 5:00:01 AM,C,11.552
8/16/14 7:00:01 AM,C,12.053
8/16/14 9:00:01 AM,C,14.057
8/16/14 11:00:01 AM,C,16.562
8/16/14 1:00:01 PM,C,17.563
8/16/14 3:00:01 PM,C,17.063
8/16/14 5:00:01 PM,C,16.061
8/16/14 7:00:01 PM,C,17.063
8/16/14 9:00:01 PM,C,13.556
8/16/14 11:00:01 PM,C,12.554
8/17/14 1:00:01 AM,C,13.556
8/17/14 3:00:01 AM,C,13.055
8/17/14 5:00:01 AM,C,10.048
8/17/14 7:00:01 AM,C,9.547
8/17/14 9:00:01 AM,C,13.556
8/17/14 11:00:01 AM,C,16.562
8/17/14 1:00:01 PM,C,18.565
8/17/14 3:00:01 PM,C,19.566
8/17/14 5:00:01 PM,C,19.566
8/17/14 7:00:01 PM,C,18.064
8/17/14 9:00:01 PM,C,12.554
8/17/14 11:00:01 PM,C,12.053
8/18/14 1:00:01 AM,C,12.053
8/18/14 3:00:01 AM,C,10.549
8/18/14 5:00:01 AM,C,10.549
8/18/14 7:00:01 AM,C,9.547
8/18/14 9:00:01 AM,C,14.057
8/18/14 11:00:01 AM,C,17.063
8/18/14 1:00:01 PM,C,17.563
8/18/14 3:00:01 PM,C,19.566
8/18/14 5:00:01 PM,C,18.565
8/18/14 7:00:01 PM,C,17.063
8/18/14 9:00:01 PM,C,13.556
8/18/14 11:00:01 PM,C,13.055
8/19/14 1:00:01 AM,C,11.552
8/19/14 3:00:01 AM,C,9.547
8/19/14 5:00:01 AM,C,8.042
8/19/14 7:00:01 AM,C,7.541
8/19/14 9:00:01 AM,C,11.552
8/19/14 11:00:01 AM,C,13.556
8/19/14 1:00:01 PM,C,15.059
8/19/14 3:00:01 PM,C,15.059
8/19/14 5:00:01 PM,C,11.552
8/19/14 7:00:01 PM,C,10.549
8/19/14 9:00:01 PM,C,9.045
8/19/14 11:00:01 PM,C,9.547
8/20/14 1:00:01 AM,C,8.544
8/20/14 3:00:01 AM,C,8.042
8/20/14 5:00:01 AM,C,8.042
8/20/14 7:00:01 AM,C,7.039
8/20/14 9:00:01 AM,C,7.541
8/20/14 11:00:01 AM,C,10.048
8/20/14 1:00:01 PM,C,11.552
8/20/14 3:00:01 PM,C,14.057
8/20/14 5:00:01 PM,C,13.556
8/20/14 7:00:01 PM,C,13.055
8/20/14 9:00:01 PM,C,8.544
8/20/14 11:00:01 PM,C,8.544
8/21/14 1:00:01 AM,C,8.544
8/21/14 3:00:01 AM,C,8.544
8/21/14 5:00:01 AM,C,8.544
8/21/14 7:00:01 AM,C,8.544
8/21/14 9:00:01 AM,C,10.549
8/21/14 11:00:01 AM,C,13.556
8/21/14 1:00:01 PM,C,15.059
8/21/14 3:00:01 PM,C,14.558
8/21/14 5:00:01 PM,C,13.556
8/21/14 7:00:01 PM,C,12.053
8/21/14 9:00:01 PM,C,10.549
8/21/14 11:00:01 PM,C,10.549
8/22/14 1:00:01 AM,C,6.537
8/22/14 3:00:01 AM,C,6.537
8/22/14 5:00:01 AM,C,6.537
8/22/14 7:00:01 AM,C,6.537
8/22/14 9:00:01 AM,C,7.541
8/22/14 11:00:01 AM,C,9.045
8/22/14 1:00:01 PM,C,10.549
8/22/14 3:00:01 PM,C,12.053
8/22/14 5:00:01 PM,C,5.032
8/22/14 7:00:01 PM,C,6.036
8/22/14 9:00:01 PM,C,5.534
8/22/14 11:00:01 PM,C,6.036
8/23/14 1:00:01 AM,C,5.534
8/23/14 3:00:01 AM,C,6.036
8/23/14 5:00:01 AM,C,5.534
8/23/14 7:00:01 AM,C,5.534
8/23/14 9:00:01 AM,C,6.537
8/23/14 11:00:01 AM,C,8.544
8/23/14 1:00:01 PM,C,9.045
8/23/14 3:00:01 PM,C,11.552
8/23/14 5:00:01 PM,C,11.552
8/23/14 7:00:01 PM,C,10.549
8/23/14 9:00:01 PM,C,8.544
8/23/14 11:00:01 PM,C,7.039
8/24/14 1:00:01 AM,C,8.042
8/24/14 3:00:01 AM,C,6.537
8/24/14 5:00:01 AM,C,7.541
8/24/14 7:00:01 AM,C,6.036
8/24/14 9:00:01 AM,C,9.547
8/24/14 11:00:01 AM,C,12.053
8/24/14 1:00:01 PM,C,13.055
8/24/14 3:00:01 PM,C,14.057
8/24/14 5:00:01 PM,C,14.558
8/24/14 7:00:01 PM,C,13.055
8/24/14 9:00:01 PM,C,9.547
8/24/14 11:00:01 PM,C,9.547
8/25/14 1:00:01 AM,C,10.048
8/25/14 3:00:01 AM,C,7.541
8/25/14 5:00:01 AM,C,8.042
8/25/14 7:00:01 AM,C,8.042
8/25/14 9:00:01 AM,C,10.549
8/25/14 11:00:01 AM,C,13.055
8/25/14 1:00:01 PM,C,14.057
8/25/14 3:00:01 PM,C,14.057
8/25/14 5:00:01 PM,C,14.057
8/25/14 7:00:01 PM,C,13.556
8/25/14 9:00:01 PM,C,9.045
8/25/14 11:00:01 PM,C,8.544
8/26/14 1:00:01 AM,C,8.544
8/26/14 3:00:01 AM,C,8.544
8/26/14 5:00:01 AM,C,7.541
8/26/14 7:00:01 AM,C,8.042
8/26/14 9:00:01 AM,C,11.051
8/26/14 11:00:01 AM,C,11.552
8/26/14 1:00:01 PM,C,13.556
8/26/14 3:00:01 PM,C,13.055
8/26/14 5:00:01 PM,C,11.051
8/26/14 7:00:01 PM,C,9.547
8/26/14 9:00:01 PM,C,6.537
8/26/14 11:00:01 PM,C,6.036
8/27/14 1:00:01 AM,C,5.534
8/27/14 3:00:01 AM,C,4.028
8/27/14 5:00:01 AM,C,4.53
8/27/14 7:00:01 AM,C,4.53
8/27/14 9:00:01 AM,C,6.036
8/27/14 11:00:01 AM,C,7.039
8/27/14 1:00:01 PM,C,8.042
8/27/14 3:00:01 PM,C,8.042
8/27/14 5:00:01 PM,C,9.547
8/27/14 7:00:01 PM,C,4.028
8/27/14 9:00:01 PM,C,4.028
8/27/14 11:00:01 PM,C,3.527
8/28/14 1:00:01 AM,C,4.53
8/28/14 3:00:01 AM,C,5.032
8/28/14 5:00:01 AM,C,5.032
8/28/14 7:00:01 AM,C,4.53
8/28/14 9:00:01 AM,C,7.039
8/28/14 11:00:01 AM,C,9.045
8/28/14 1:00:01 PM,C,10.048
8/28/14 3:00:01 PM,C,12.554
8/28/14 5:00:01 PM,C,12.554
8/28/14 7:00:01 PM,C,11.051
8/28/14 9:00:01 PM,C,8.042
8/28/14 11:00:01 PM,C,7.039
8/29/14 1:00:01 AM,C,6.537
8/29/14 3:00:01 AM,C,7.039
8/29/14 5:00:01 AM,C,7.039
8/29/14 7:00:01 AM,C,6.036
8/29/14 9:00:01 AM,C,9.547
8/29/14 11:00:01 AM,C,12.053
8/29/14 1:00:01 PM,C,13.556
8/29/14 3:00:01 PM,C,16.562
8/29/14 5:00:01 PM,C,15.56
8/29/14 7:00:01 PM,C,14.057
8/29/14 9:00:01 PM,C,10.048
8/29/14 11:00:01 PM,C,10.048
8/30/14 1:00:01 AM,C,10.549
8/30/14 3:00:01 AM,C,7.039
8/30/14 5:00:01 AM,C,6.537
8/30/14 7:00:01 AM,C,6.036
8/30/14 9:00:01 AM,C,11.051
8/30/14 11:00:01 AM,C,14.057
8/30/14 1:00:01 PM,C,15.56
8/30/14 3:00:01 PM,C,17.063
8/30/14 5:00:01 PM,C,15.56
8/30/14 7:00:01 PM,C,14.057
8/30/14 9:00:01 PM,C,10.048
8/30/14 11:00:01 PM,C,11.051
8/31/14 1:00:01 AM,C,10.048
8/31/14 3:00:01 AM,C,10.048
8/31/14 5:00:01 AM,C,8.042
8/31/14 7:00:01 AM,C,8.544
8/31/14 9:00:01 AM,C,11.552
8/31/14 11:00:01 AM,C,13.556
8/31/14 1:00:01 PM,C,15.059
8/31/14 3:00:01 PM,C,16.061
8/31/14 5:00:01 PM,C,16.562
8/31/14 7:00:01 PM,C,15.56
8/31/14 9:00:01 PM,C,12.554
8/31/14 11:00:01 PM,C,10.048
9/1/14 1:00:01 AM,C,9.045
9/1/14 3:00:01 AM,C,8.544
9/1/14 5:00:01 AM,C,7.039
9/1/14 7:00:01 AM,C,7.039
9/1/14 9:00:01 AM,C,11.552
9/1/14 11:00:01 AM,C,14.057
9/1/14 1:00:01 PM,C,16.061
9/1/14 3:00:01 PM,C,16.562
9/1/14 5:00:01 PM,C,17.563
9/1/14 7:00:01 PM,C,16.061
9/1/14 9:00:01 PM,C,13.055
9/1/14 11:00:01 PM,C,12.053
9/2/14 1:00:01 AM,C,8.042
9/2/14 3:00:01 AM,C,8.042
9/2/14 5:00:01 AM,C,9.045
9/2/14 7:00:01 AM,C,8.042
9/2/14 9:00:01 AM,C,13.055
9/2/14 11:00:01 AM,C,16.061
9/2/14 1:00:01 PM,C,17.563
9/2/14 3:00:01 PM,C,19.065
9/2/14 5:00:01 PM,C,18.565
9/2/14 7:00:01 PM,C,17.063
9/2/14 9:00:01 PM,C,11.552
9/2/14 11:00:01 PM,C,11.051
9/3/14 1:00:01 AM,C,11.051
9/3/14 3:00:01 AM,C,10.048
9/3/14 5:00:01 AM,C,9.045
9/3/14 7:00:01 AM,C,8.544
9/3/14 9:00:01 AM,C,13.055
9/3/14 11:00:01 AM,C,16.061
9/3/14 1:00:01 PM,C,18.064
9/3/14 3:00:01 PM,C,18.565
9/3/14 5:00:01 PM,C,18.565
9/3/14 7:00:01 PM,C,17.063
9/3/14 9:00:01 PM,C,12.053
9/3/14 11:00:01 PM,C,11.552
9/4/14 1:00:01 AM,C,9.547
9/4/14 3:00:01 AM,C,9.045
9/4/14 5:00:01 AM,C,9.045
9/4/14 7:00:01 AM,C,9.547
9/4/14 9:00:01 AM,C,11.051
9/4/14 11:00:01 AM,C,11.552
9/4/14 1:00:01 PM,C,9.547
9/4/14 3:00:01 PM,C,7.541
9/4/14 5:00:01 PM,C,8.042
9/4/14 7:00:01 PM,C,6.537
9/4/14 9:00:01 PM,C,7.039
9/4/14 11:00:01 PM,C,6.036
9/5/14 1:00:01 AM,C,4.53
9/5/14 3:00:01 AM,C,5.534
9/5/14 5:00:01 AM,C,4.028
9/5/14 7:00:01 AM,C,4.028
9/5/14 9:00:01 AM,C,8.042
9/5/14 11:00:01 AM,C,11.552
9/5/14 1:00:01 PM,C,14.057
9/5/14 3:00:01 PM,C,15.56
9/5/14 5:00:01 PM,C,14.558
9/5/14 7:00:01 PM,C,14.057
9/5/14 9:00:01 PM,C,10.549
9/5/14 11:00:01 PM,C,11.051
9/6/14 1:00:01 AM,C,11.051
9/6/14 3:00:01 AM,C,8.544
9/6/14 5:00:01 AM,C,7.541
9/6/14 7:00:01 AM,C,7.039
9/6/14 9:00:01 AM,C,11.552
9/6/14 11:00:01 AM,C,14.057
9/6/14 1:00:01 PM,C,14.558
9/6/14 3:00:01 PM,C,14.057
9/6/14 5:00:01 PM,C,15.059
9/6/14 7:00:01 PM,C,14.558
9/6/14 9:00:01 PM,C,11.552
9/6/14 11:00:01 PM,C,8.544
9/7/14 1:00:01 AM,C,8.544
9/7/14 3:00:01 AM,C,8.544
9/7/14 5:00:01 AM,C,8.042
9/7/14 7:00:01 AM,C,7.541
9/7/14 9:00:01 AM,C,11.552
9/7/14 11:00:01 AM,C,13.055
9/7/14 1:00:01 PM,C,14.558
9/7/14 3:00:01 PM,C,16.061
9/7/14 5:00:01 PM,C,15.059
9/7/14 7:00:01 PM,C,13.055
9/7/14 9:00:01 PM,C,10.048
9/7/14 11:00:01 PM,C,9.045
9/8/14 1:00:01 AM,C,10.048
9/8/14 3:00:01 AM,C,8.042
9/8/14 5:00:01 AM,C,8.544
9/8/14 7:00:01 AM,C,8.042
9/8/14 9:00:01 AM,C,10.549
9/8/14 11:00:01 AM,C,10.048
9/8/14 1:00:01 PM,C,12.554
9/8/14 3:00:01 PM,C,13.556
9/8/14 5:00:01 PM,C,11.552
9/8/14 7:00:01 PM,C,11.051
9/8/14 9:00:01 PM,C,10.048
9/8/14 11:00:01 PM,C,9.547
9/9/14 1:00:01 AM,C,9.547
9/9/14 3:00:01 AM,C,9.045
9/9/14 5:00:01 AM,C,9.547
9/9/14 7:00:01 AM,C,9.045
9/9/14 9:00:01 AM,C,8.544
9/9/14 11:00:01 AM,C,8.544
9/9/14 1:00:01 PM,C,6.036
9/9/14 3:00:01 PM,C,7.039
9/9/14 5:00:01 PM,C,6.036
9/9/14 7:00:01 PM,C,6.036
9/9/14 9:00:01 PM,C,5.534
9/9/14 11:00:01 PM,C,5.032
9/10/14 1:00:01 AM,C,4.028
9/10/14 3:00:01 AM,C,3.527
9/10/14 5:00:01 AM,C,3.527
9/10/14 7:00:01 AM,C,3.527
9/10/14 9:00:01 AM,C,5.032
9/10/14 11:00:01 AM,C,8.042
9/10/14 1:00:01 PM,C,11.051
9/10/14 3:00:01 PM,C,11.051
9/10/14 5:00:01 PM,C,12.053
9/10/14 7:00:01 PM,C,10.048
9/10/14 9:00:01 PM,C,7.039
9/10/14 11:00:01 PM,C,7.039
9/11/14 1:00:01 AM,C,7.039
9/11/14 3:00:01 AM,C,4.028
9/11/14 5:00:01 AM,C,6.036
9/11/14 7:00:01 AM,C,5.534
9/11/14 9:00:01 AM,C,8.042
9/11/14 11:00:01 AM,C,10.549
9/11/14 1:00:01 PM,C,12.554
9/11/14 3:00:01 PM,C,14.558
9/11/14 5:00:01 PM,C,14.057
9/11/14 7:00:01 PM,C,11.552
9/11/14 9:00:01 PM,C,7.541
9/11/14 11:00:01 PM,C,8.544
9/12/14 1:00:01 AM,C,7.039
9/12/14 3:00:01 AM,C,6.036
9/12/14 5:00:01 AM,C,7.039
9/12/14 7:00:01 AM,C,7.039
9/12/14 9:00:01 AM,C,10.048
9/12/14 11:00:01 AM,C,12.053
9/12/14 1:00:01 PM,C,13.055
9/12/14 3:00:01 PM,C,14.558
9/12/14 5:00:01 PM,C,14.057
9/12/14 7:00:01 PM,C,12.053
9/12/14 9:00:01 PM,C,9.045
9/12/14 11:00:01 PM,C,5.534
9/13/14 1:00:01 AM,C,5.032
9/13/14 3:00:01 AM,C,5.534
9/13/14 5:00:01 AM,C,5.032
9/13/14 7:00:01 AM,C,5.032
9/13/14 9:00:01 AM,C,9.045
9/13/14 11:00:01 AM,C,12.053
9/13/14 1:00:01 PM,C,13.556
9/13/14 3:00:01 PM,C,13.055
9/13/14 5:00:01 PM,C,15.059
9/13/14 7:00:01 PM,C,13.055
9/13/14 9:00:01 PM,C,8.042
9/13/14 11:00:01 PM,C,6.036
9/14/14 1:00:01 AM,C,6.537
9/14/14 3:00:01 AM,C,7.039
9/14/14 5:00:01 AM,C,6.036
9/14/14 7:00:01 AM,C,6.036
9/14/14 9:00:01 AM,C,10.048
9/14/14 11:00:01 AM,C,13.055
9/14/14 1:00:01 PM,C,16.061
9/14/14 3:00:01 PM,C,16.562
9/14/14 5:00:01 PM,C,16.061
9/14/14 7:00:01 PM,C,14.558
9/14/14 9:00:01 PM,C,10.048
9/14/14 11:00:01 PM,C,11.051
9/15/14 1:00:01 AM,C,11.552
9/15/14 3:00:01 AM,C,8.544
9/15/14 5:00:01 AM,C,7.039
9/15/14 7:00:01 AM,C,6.537
9/15/14 9:00:01 AM,C,10.549
9/15/14 11:00:01 AM,C,15.059
9/15/14 1:00:01 PM,C,14.558
9/15/14 3:00:01 PM,C,15.56
9/15/14 5:00:01 PM,C,15.059
9/15/14 7:00:01 PM,C,15.56
9/15/14 9:00:01 PM,C,9.547
9/15/14 11:00:01 PM,C,10.549
9/16/14 1:00:01 AM,C,10.048
9/16/14 3:00:01 AM,C,8.544
9/16/14 5:00:01 AM,C,7.039
9/16/14 7:00:01 AM,C,6.537
9/16/14 9:00:01 AM,C,10.549
9/16/14 11:00:01 AM,C,14.057
9/16/14 1:00:01 PM,C,9.547
9/16/14 3:00:01 PM,C,10.549
9/16/14 5:00:01 PM,C,13.556
9/16/14 7:00:01 PM,C,11.051
9/16/14 9:00:01 PM,C,9.045
9/16/14 11:00:01 PM,C,9.045
9/17/14 1:00:01 AM,C,8.042
9/17/14 3:00:01 AM,C,8.042
9/17/14 5:00:01 AM,C,9.045
9/17/14 7:00:01 AM,C,7.039
9/17/14 9:00:01 AM,C,10.048
9/17/14 11:00:01 AM,C,13.556
9/17/14 1:00:01 PM,C,9.547
9/17/14 3:00:01 PM,C,7.039
9/17/14 5:00:01 PM,C,7.039
9/17/14 7:00:01 PM,C,8.042
9/17/14 9:00:01 PM,C,6.036
9/17/14 11:00:01 PM,C,5.032
9/18/14 1:00:01 AM,C,7.039
9/18/14 3:00:01 AM,C,5.534
9/18/14 5:00:01 AM,C,6.537
9/18/14 7:00:01 AM,C,6.537
9/18/14 9:00:01 AM,C,9.547
9/18/14 11:00:01 AM,C,13.556
9/18/14 1:00:01 PM,C,16.562
9/18/14 3:00:01 PM,C,18.064
9/18/14 5:00:01 PM,C,17.563
9/18/14 7:00:01 PM,C,14.558
9/18/14 9:00:01 PM,C,9.547
9/18/14 11:00:01 PM,C,8.544
9/19/14 1:00:01 AM,C,9.045
9/19/14 3:00:01 AM,C,8.042
9/19/14 5:00:01 AM,C,8.042
9/19/14 7:00:01 AM,C,6.537
9/19/14 9:00:01 AM,C,11.552
9/19/14 11:00:01 AM,C,14.558
9/19/14 1:00:01 PM,C,14.558
9/19/14 3:00:01 PM,C,17.063
9/19/14 5:00:01 PM,C,17.063
9/19/14 7:00:01 PM,C,15.059
9/19/14 9:00:01 PM,C,13.055
9/19/14 11:00:01 PM,C,12.554
9/20/14 1:00:01 AM,C,10.549
9/20/14 3:00:01 AM,C,9.547
9/20/14 5:00:01 AM,C,9.045
9/20/14 7:00:01 AM,C,9.045
9/20/14 9:00:01 AM,C,13.055
9/20/14 11:00:01 AM,C,16.061
9/20/14 1:00:01 PM,C,16.061
9/20/14 3:00:01 PM,C,18.064
9/20/14 5:00:01 PM,C,19.566
9/20/14 7:00:01 PM,C,13.055
9/20/14 9:00:01 PM,C,13.055
9/20/14 11:00:01 PM,C,13.556
9/21/14 1:00:01 AM,C,9.045
9/21/14 3:00:01 AM,C,7.541
9/21/14 5:00:01 AM,C,7.541
9/21/14 7:00:01 AM,C,7.541
9/21/14 9:00:01 AM,C,9.547
9/21/14 11:00:01 AM,C,12.554
9/21/14 1:00:01 PM,C,14.558
9/21/14 3:00:01 PM,C,13.556
9/21/14 5:00:01 PM,C,14.057
9/21/14 7:00:01 PM,C,12.053
9/21/14 9:00:01 PM,C,11.552
9/21/14 11:00:01 PM,C,9.547
9/22/14 1:00:01 AM,C,9.045
9/22/14 3:00:01 AM,C,8.544
9/22/14 5:00:01 AM,C,8.042
9/22/14 7:00:01 AM,C,8.042
9/22/14 9:00:01 AM,C,8.544
9/22/14 11:00:01 AM,C,9.045
9/22/14 1:00:01 PM,C,11.552
9/22/14 3:00:01 PM,C,12.554
9/22/14 5:00:01 PM,C,13.055
9/22/14 7:00:01 PM,C,10.549
9/22/14 9:00:01 PM,C,6.537
9/22/14 11:00:01 PM,C,5.534
9/23/14 1:00:01 AM,C,6.036
9/23/14 3:00:01 AM,C,5.032
9/23/14 5:00:01 AM,C,4.53
9/23/14 7:00:01 AM,C,4.028
9/23/14 9:00:01 AM,C,8.042
9/23/14 11:00:01 AM,C,11.051
9/23/14 1:00:01 PM,C,13.055
9/23/14 3:00:01 PM,C,12.554
9/23/14 5:00:01 PM,C,13.055
9/23/14 7:00:01 PM,C,12.053
9/23/14 9:00:01 PM,C,10.048
9/23/14 11:00:01 PM,C,9.045
9/24/14 1:00:01 AM,C,10.549
9/24/14 3:00:01 AM,C,7.039
9/24/14 5:00:01 AM,C,6.537
9/24/14 7:00:01 AM,C,6.036
9/24/14 9:00:01 AM,C,10.549
9/24/14 11:00:01 AM,C,13.556
9/24/14 1:00:01 PM,C,15.56
9/24/14 3:00:01 PM,C,17.063
9/24/14 5:00:01 PM,C,17.063
9/24/14 7:00:01 PM,C,14.057
9/24/14 9:00:01 PM,C,10.048
9/24/14 11:00:01 PM,C,9.045
9/25/14 1:00:01 AM,C,9.547
9/25/14 3:00:01 AM,C,9.547
9/25/14 5:00:01 AM,C,8.544
9/25/14 7:00:01 AM,C,8.042
9/25/14 9:00:01 AM,C,11.552
9/25/14 11:00:01 AM,C,15.059
9/25/14 1:00:01 PM,C,16.061
9/25/14 3:00:01 PM,C,17.563
9/25/14 5:00:01 PM,C,17.563
9/25/14 7:00:01 PM,C,15.059
9/25/14 9:00:01 PM,C,10.048
9/25/14 11:00:01 PM,C,11.552
9/26/14 1:00:01 AM,C,12.053
9/26/14 3:00:01 AM,C,9.547
9/26/14 5:00:01 AM,C,8.042
9/26/14 7:00:01 AM,C,7.541
9/26/14 9:00:01 AM,C,11.552
9/26/14 11:00:01 AM,C,15.059
9/26/14 1:00:01 PM,C,14.558
9/26/14 3:00:01 PM,C,15.059
9/26/14 5:00:01 PM,C,16.562
9/26/14 7:00:01 PM,C,14.558
9/26/14 9:00:01 PM,C,11.552
9/26/14 11:00:01 PM,C,11.051
9/27/14 1:00:01 AM,C,9.045
9/27/14 3:00:01 AM,C,9.045
9/27/14 5:00:01 AM,C,8.544
9/27/14 7:00:01 AM,C,7.039
9/27/14 9:00:01 AM,C,10.048
9/27/14 11:00:01 AM,C,13.055
9/27/14 1:00:01 PM,C,15.059
9/27/14 3:00:01 PM,C,14.558
9/27/14 5:00:01 PM,C,14.558
9/27/14 7:00:01 PM,C,9.547
9/27/14 9:00:01 PM,C,11.051
9/27/14 11:00:01 PM,C,10.549
9/28/14 1:00:01 AM,C,7.541
9/28/14 3:00:01 AM,C,6.036
9/28/14 5:00:01 AM,C,4.53
9/28/14 7:00:01 AM,C,6.036
9/28/14 9:00:01 AM,C,1.518
9/28/14 11:00:01 AM,C,1.016
9/28/14 1:00:01 PM,C,3.527
9/28/14 3:00:01 PM,C,4.028
9/28/14 5:00:01 PM,C,6.036
9/28/14 7:00:01 PM,C,4.53
9/28/14 9:00:01 PM,C,4.53
9/28/14 11:00:01 PM,C,4.028
9/29/14 1:00:01 AM,C,2.523
9/29/14 3:00:01 AM,C,2.523
9/29/14 5:00:01 AM,C,2.523
9/29/14 7:00:01 AM,C,2.523
9/29/14 9:00:01 AM,C,3.527
9/29/14 11:00:01 AM,C,4.53
9/29/14 1:00:01 PM,C,1.016
9/29/14 3:00:01 PM,C,2.523
9/29/14 5:00:01 PM,C,1.518
9/29/14 7:00:01 PM,C,1.016
9/29/14 9:00:01 PM,C,0.012
9/29/14 11:00:01 PM,C,0.514
9/30/14 1:00:01 AM,C,-0.993
9/30/14 3:00:01 AM,C,0.012
9/30/14 5:00:01 AM,C,0.012
9/30/14 7:00:01 AM,C,-0.49
9/30/14 9:00:01 AM,C,1.518
9/30/14 11:00:01 AM,C,3.527
9/30/14 1:00:01 PM,C,4.028
9/30/14 3:00:01 PM,C,4.028
9/30/14 5:00:01 PM,C,5.032
9/30/14 7:00:01 PM,C,4.028
9/30/14 9:00:01 PM,C,0.514
9/30/14 11:00:01 PM,C,0.012
10/1/14 1:00:01 AM,C,0.012
10/1/14 3:00:01 AM,C,-0.49
10/1/14 5:00:01 AM,C,1.016
10/1/14 7:00:01 AM,C,2.021
10/1/14 9:00:01 AM,C,3.527
10/1/14 11:00:01 AM,C,5.032
10/1/14 1:00:01 PM,C,5.032
10/1/14 3:00:01 PM,C,1.518
10/1/14 5:00:01 PM,C,3.527
10/1/14 7:00:01 PM,C,1.518
10/1/14 9:00:01 PM,C,0.012
10/1/14 11:00:01 PM,C,0.012
10/2/14 1:00:01 AM,C,-1.495
10/2/14 3:00:01 AM,C,-2.5
10/2/14 5:00:01 AM,C,-2.5
10/2/14 7:00:01 AM,C,0.012
10/2/14 9:00:01 AM,C,0.012
10/2/14 11:00:01 AM,C,3.025
10/2/14 1:00:01 PM,C,5.534
10/2/14 3:00:01 PM,C,7.541
10/2/14 5:00:01 PM,C,7.541
10/2/14 7:00:01 PM,C,4.53
10/2/14 9:00:01 PM,C,3.025
10/2/14 11:00:01 PM,C,3.025
10/3/14 1:00:01 AM,C,3.025
10/3/14 3:00:01 AM,C,2.021
10/3/14 5:00:01 AM,C,2.523
10/3/14 7:00:01 AM,C,2.021
10/3/14 9:00:01 AM,C,5.534
10/3/14 11:00:01 AM,C,8.544
10/3/14 1:00:01 PM,C,9.547
10/3/14 3:00:01 PM,C,11.552
10/3/14 5:00:01 PM,C,11.051
10/3/14 7:00:01 PM,C,8.042
10/3/14 9:00:01 PM,C,6.036
10/3/14 11:00:01 PM,C,5.534
10/4/14 1:00:01 AM,C,5.032
10/4/14 3:00:01 AM,C,5.032
10/4/14 5:00:01 AM,C,4.53
10/4/14 7:00:01 AM,C,2.523
10/4/14 9:00:01 AM,C,5.534
10/4/14 11:00:01 AM,C,10.549
10/4/14 1:00:01 PM,C,12.053
10/4/14 3:00:01 PM,C,12.554
10/4/14 5:00:01 PM,C,11.552
10/4/14 7:00:01 PM,C,8.042
10/4/14 9:00:01 PM,C,5.534
10/4/14 11:00:01 PM,C,5.032
10/5/14 1:00:01 AM,C,4.53
10/5/14 3:00:01 AM,C,5.534
10/5/14 5:00:01 AM,C,5.032
10/5/14 7:00:01 AM,C,5.032
10/5/14 9:00:01 AM,C,8.042
10/5/14 11:00:01 AM,C,10.048
10/5/14 1:00:01 PM,C,12.554
10/5/14 3:00:01 PM,C,13.556
10/5/14 5:00:01 PM,C,13.055
10/5/14 7:00:01 PM,C,9.045
10/5/14 9:00:01 PM,C,6.036
10/5/14 11:00:01 PM,C,7.039
10/6/14 1:00:01 AM,C,5.534
10/6/14 3:00:01 AM,C,6.537
10/6/14 5:00:01 AM,C,6.537
10/6/14 7:00:01 AM,C,6.036
10/6/14 9:00:01 AM,C,7.541
10/6/14 11:00:01 AM,C,11.552
10/6/14 1:00:01 PM,C,13.055
10/6/14 3:00:01 PM,C,14.558
10/6/14 5:00:01 PM,C,13.556
10/6/14 7:00:01 PM,C,9.547
10/6/14 9:00:01 PM,C,7.541
10/6/14 11:00:01 PM,C,5.032
10/7/14 1:00:01 AM,C,7.541
10/7/14 3:00:01 AM,C,3.527
10/7/14 5:00:01 AM,C,6.537
10/7/14 7:00:01 AM,C,5.534
10/7/14 9:00:01 AM,C,7.541
10/7/14 11:00:01 AM,C,10.549
10/7/14 1:00:01 PM,C,12.554
10/7/14 3:00:01 PM,C,13.556
10/7/14 5:00:01 PM,C,11.552
10/7/14 7:00:01 PM,C,8.042
10/7/14 9:00:01 PM,C,7.541
10/7/14 11:00:01 PM,C,6.537
10/8/14 1:00:01 AM,C,6.036
10/8/14 3:00:01 AM,C,5.534
10/8/14 5:00:01 AM,C,5.032
10/8/14 7:00:01 AM,C,5.032
10/8/14 9:00:01 AM,C,8.042
10/8/14 11:00:01 AM,C,11.552
10/8/14 1:00:01 PM,C,13.556
10/8/14 3:00:01 PM,C,12.554
10/8/14 5:00:01 PM,C,11.051
10/8/14 7:00:01 PM,C,8.042
10/8/14 9:00:01 PM,C,7.039
10/8/14 11:00:01 PM,C,6.537
10/9/14 1:00:01 AM,C,6.036
10/9/14 3:00:01 AM,C,3.527
10/9/14 5:00:01 AM,C,4.028
10/9/14 7:00:01 AM,C,3.025
10/9/14 9:00:01 AM,C,4.028
10/9/14 11:00:01 AM,C,3.527
10/9/14 1:00:01 PM,C,5.534
10/9/14 3:00:01 PM,C,5.032
10/9/14 5:00:01 PM,C,4.028
10/9/14 7:00:01 PM,C,3.527
10/9/14 9:00:01 PM,C,2.523
10/9/14 11:00:01 PM,C,3.025
10/10/14 1:00:01 AM,C,2.523
10/10/14 3:00:01 AM,C,3.025
10/10/14 5:00:01 AM,C,3.025
10/10/14 7:00:01 AM,C,3.025
10/10/14 9:00:01 AM,C,3.025
10/10/14 11:00:01 AM,C,4.53
10/10/14 1:00:01 PM,C,4.53
10/10/14 3:00:01 PM,C,4.028
10/10/14 5:00:01 PM,C,6.036
10/10/14 7:00:01 PM,C,4.028
10/10/14 9:00:01 PM,C,3.025
10/10/14 11:00:01 PM,C,1.016
10/11/14 1:00:01 AM,C,1.016
10/11/14 3:00:01 AM,C,0.514
10/11/14 5:00:01 AM,C,0.514
10/11/14 7:00:01 AM,C,1.518
10/11/14 9:00:01 AM,C,4.028
10/11/14 11:00:01 AM,C,7.541
10/11/14 1:00:01 PM,C,9.045
10/11/14 3:00:01 PM,C,10.549
10/11/14 5:00:01 PM,C,10.048
10/11/14 7:00:01 PM,C,5.534
10/11/14 9:00:01 PM,C,3.527
10/11/14 11:00:01 PM,C,2.523
10/12/14 1:00:01 AM,C,2.523
10/12/14 3:00:01 AM,C,4.028
10/12/14 5:00:01 AM,C,3.527
10/12/14 7:00:01 AM,C,1.016
10/12/14 9:00:01 AM,C,2.523
10/12/14 11:00:01 AM,C,4.028
10/12/14 1:00:01 PM,C,3.025
10/12/14 3:00:01 PM,C,2.021
10/12/14 5:00:01 PM,C,-1.998
10/12/14 7:00:01 PM,C,-1.495
10/12/14 9:00:01 PM,C,-1.998
10/12/14 11:00:01 PM,C,-1.998
10/13/14 1:00:01 AM,C,-3.003
10/13/14 3:00:01 AM,C,-2.5
10/13/14 5:00:01 AM,C,-3.003
10/13/14 7:00:01 AM,C,-3.505
10/13/14 9:00:01 AM,C,0.514
10/13/14 11:00:01 AM,C,3.025
10/13/14 1:00:01 PM,C,5.534
10/13/14 3:00:01 PM,C,7.541
10/13/14 5:00:01 PM,C,8.042
10/13/14 7:00:01 PM,C,3.527
10/13/14 9:00:01 PM,C,2.021
10/13/14 11:00:01 PM,C,2.523
10/14/14 1:00:01 AM,C,0.514
10/14/14 3:00:01 AM,C,1.016
10/14/14 5:00:01 AM,C,1.016
10/14/14 7:00:01 AM,C,1.016
10/14/14 9:00:01 AM,C,5.534
10/14/14 11:00:01 AM,C,9.045
10/14/14 1:00:01 PM,C,12.554
10/14/14 3:00:01 PM,C,13.556
10/14/14 5:00:01 PM,C,13.556
10/14/14 7:00:01 PM,C,8.042
10/14/14 9:00:01 PM,C,7.541
10/14/14 11:00:01 PM,C,7.039
10/15/14 1:00:01 AM,C,8.042
10/15/14 3:00:01 AM,C,6.036
10/15/14 5:00:01 AM,C,6.537
10/15/14 7:00:01 AM,C,7.039
10/15/14 9:00:01 AM,C,10.549
10/15/14 11:00:01 AM,C,12.554
10/15/14 1:00:01 PM,C,14.558
10/15/14 3:00:01 PM,C,14.057
10/15/14 5:00:01 PM,C,12.554
10/15/14 7:00:01 PM,C,9.045
10/15/14 9:00:01 PM,C,7.541
10/15/14 11:00:01 PM,C,6.537
10/16/14 1:00:01 AM,C,5.032
10/16/14 3:00:01 AM,C,4.028
10/16/14 5:00:01 AM,C,3.025
10/16/14 7:00:01 AM,C,2.021
10/16/14 9:00:01 AM,C,7.039
10/16/14 11:00:01 AM,C,10.549
10/16/14 1:00:01 PM,C,12.053
10/16/14 3:00:01 PM,C,13.055
10/16/14 5:00:01 PM,C,12.554
10/16/14 7:00:01 PM,C,6.537
10/16/14 9:00:01 PM,C,5.032
10/16/14 11:00:01 PM,C,4.028
10/17/14 1:00:01 AM,C,4.028
10/17/14 3:00:01 AM,C,3.527
10/17/14 5:00:01 AM,C,3.527
10/17/14 7:00:01 AM,C,3.527
10/17/14 9:00:01 AM,C,6.036
10/17/14 11:00:01 AM,C,10.549
10/17/14 1:00:01 PM,C,12.053
10/17/14 3:00:01 PM,C,10.549
10/17/14 5:00:01 PM,C,9.045
10/17/14 7:00:01 PM,C,7.039
10/17/14 9:00:01 PM,C,6.537
10/17/14 11:00:01 PM,C,6.537
10/18/14 1:00:01 AM,C,6.036
10/18/14 3:00:01 AM,C,4.53
10/18/14 5:00:01 AM,C,5.032
10/18/14 7:00:01 AM,C,4.028
10/18/14 9:00:01 AM,C,6.036
10/18/14 11:00:01 AM,C,8.042
10/18/14 1:00:01 PM,C,9.547
10/18/14 3:00:01 PM,C,9.045
10/18/14 5:00:01 PM,C,7.541
10/18/14 7:00:01 PM,C,4.53
10/18/14 9:00:01 PM,C,6.036
10/18/14 11:00:01 PM,C,5.534
10/19/14 1:00:01 AM,C,4.53
10/19/14 3:00:01 AM,C,4.028
10/19/14 5:00:01 AM,C,4.028
10/19/14 7:00:01 AM,C,3.527
10/19/14 9:00:01 AM,C,6.537
10/19/14 11:00:01 AM,C,9.045
10/19/14 1:00:01 PM,C,7.541
10/19/14 3:00:01 PM,C,3.025
10/19/14 5:00:01 PM,C,3.527
10/19/14 7:00:01 PM,C,2.523
10/19/14 9:00:01 PM,C,2.523
10/19/14 11:00:01 PM,C,3.527
10/20/14 1:00:01 AM,C,2.021
10/20/14 3:00:01 AM,C,1.518
10/20/14 5:00:01 AM,C,2.021
10/20/14 7:00:01 AM,C,2.523
10/20/14 9:00:01 AM,C,4.028
10/20/14 11:00:01 AM,C,8.042
10/20/14 1:00:01 PM,C,11.552
10/20/14 3:00:01 PM,C,11.552
10/20/14 5:00:01 PM,C,12.053
10/20/14 7:00:01 PM,C,7.541
10/20/14 9:00:01 PM,C,5.534
10/20/14 11:00:01 PM,C,5.534
10/21/14 1:00:01 AM,C,5.534
10/21/14 3:00:01 AM,C,5.032
10/21/14 5:00:01 AM,C,4.53
10/21/14 7:00:01 AM,C,4.028
10/21/14 9:00:01 AM,C,6.036
10/21/14 11:00:01 AM,C,6.537
10/21/14 1:00:01 PM,C,7.039
10/21/14 3:00:01 PM,C,7.039
10/21/14 5:00:01 PM,C,9.547
10/21/14 7:00:01 PM,C,5.032
10/21/14 9:00:01 PM,C,3.025
10/21/14 11:00:01 PM,C,3.527
10/22/14 1:00:01 AM,C,3.025
10/22/14 3:00:01 AM,C,3.025
10/22/14 5:00:01 AM,C,3.025
10/22/14 7:00:01 AM,C,2.021
10/22/14 9:00:01 AM,C,4.53
10/22/14 11:00:01 AM,C,7.039
10/22/14 1:00:01 PM,C,6.537
10/22/14 3:00:01 PM,C,6.036
10/22/14 5:00:01 PM,C,8.042
10/22/14 7:00:01 PM,C,4.53
10/22/14 9:00:01 PM,C,2.021
10/22/14 11:00:01 PM,C,1.016
10/23/14 1:00:01 AM,C,1.518
10/23/14 3:00:01 AM,C,1.518
10/23/14 5:00:01 AM,C,0.514
10/23/14 7:00:01 AM,C,2.021
10/23/14 9:00:01 AM,C,5.534
10/23/14 11:00:01 AM,C,8.544
10/23/14 1:00:01 PM,C,11.051
10/23/14 3:00:01 PM,C,11.552
10/23/14 5:00:01 PM,C,10.048
10/23/14 7:00:01 PM,C,6.036
10/23/14 9:00:01 PM,C,5.032
10/23/14 11:00:01 PM,C,4.53
10/24/14 1:00:01 AM,C,4.53
10/24/14 3:00:01 AM,C,4.028
10/24/14 5:00:01 AM,C,4.028
10/24/14 7:00:01 AM,C,3.527
10/24/14 9:00:01 AM,C,7.039
10/24/14 11:00:01 AM,C,11.552
10/24/14 1:00:01 PM,C,13.055
10/24/14 3:00:01 PM,C,14.558
10/24/14 5:00:01 PM,C,14.558
10/24/14 7:00:01 PM,C,8.042
10/24/14 9:00:01 PM,C,6.036
10/24/14 11:00:01 PM,C,7.039
10/25/14 1:00:01 AM,C,5.534
10/25/14 3:00:01 AM,C,6.036
10/25/14 5:00:01 AM,C,5.032
10/25/14 7:00:01 AM,C,5.534
10/25/14 9:00:01 AM,C,9.045
10/25/14 11:00:01 AM,C,12.053
10/25/14 1:00:01 PM,C,14.057
10/25/14 3:00:01 PM,C,13.556
10/25/14 5:00:01 PM,C,14.057
10/25/14 7:00:01 PM,C,9.045
10/25/14 9:00:01 PM,C,7.541
10/25/14 11:00:01 PM,C,7.039
10/26/14 1:00:01 AM,C,7.541
10/26/14 3:00:01 AM,C,6.537
10/26/14 5:00:01 AM,C,6.036
10/26/14 7:00:01 AM,C,5.032
10/26/14 9:00:01 AM,C,5.032
10/26/14 11:00:01 AM,C,7.039
10/26/14 1:00:01 PM,C,8.042
10/26/14 3:00:01 PM,C,10.549
10/26/14 5:00:01 PM,C,8.544
10/26/14 7:00:01 PM,C,7.039
10/26/14 9:00:01 PM,C,6.036
10/26/14 11:00:01 PM,C,6.036
10/27/14 1:00:01 AM,C,5.032
10/27/14 3:00:01 AM,C,3.527
10/27/14 5:00:01 AM,C,2.523
10/27/14 7:00:01 AM,C,0.012
10/27/14 9:00:01 AM,C,2.021
10/27/14 11:00:01 AM,C,4.028
10/27/14 1:00:01 PM,C,5.534
10/27/14 3:00:01 PM,C,6.036
10/27/14 5:00:01 PM,C,5.534
10/27/14 7:00:01 PM,C,0.514
10/27/14 9:00:01 PM,C,-0.49
10/27/14 11:00:01 PM,C,-1.495
10/28/14 1:00:01 AM,C,0.012
10/28/14 3:00:01 AM,C,0.012
10/28/14 5:00:01 AM,C,0.514
10/28/14 7:00:01 AM,C,-0.993
10/28/14 9:00:01 AM,C,1.518
10/28/14 11:00:01 AM,C,5.032
10/28/14 1:00:01 PM,C,7.541
10/28/14 3:00:01 PM,C,8.042
10/28/14 5:00:01 PM,C,7.541
10/28/14 7:00:01 PM,C,2.021
10/28/14 9:00:01 PM,C,1.518
10/28/14 11:00:01 PM,C,2.523
10/29/14 1:00:01 AM,C,2.021
10/29/14 3:00:01 AM,C,1.518
10/29/14 5:00:01 AM,C,1.016
10/29/14 7:00:01 AM,C,1.016
10/29/14 9:00:01 AM,C,4.028
10/29/14 11:00:01 AM,C,8.042
10/29/14 1:00:01 PM,C,10.048
10/29/14 3:00:01 PM,C,10.048
10/29/14 5:00:01 PM,C,10.549
10/29/14 7:00:01 PM,C,5.534
10/29/14 9:00:01 PM,C,4.53
10/29/14 11:00:01 PM,C,5.032
10/30/14 1:00:01 AM,C,4.53
10/30/14 3:00:01 AM,C,6.537
10/30/14 5:00:01 AM,C,7.039
10/30/14 7:00:01 AM,C,6.537
10/30/14 9:00:01 AM,C,9.045
10/30/14 11:00:01 AM,C,11.552
10/30/14 1:00:01 PM,C,13.055
10/30/14 3:00:01 PM,C,13.556
10/30/14 5:00:01 PM,C,13.055
10/30/14 7:00:01 PM,C,6.036
10/30/14 9:00:01 PM,C,6.036
10/30/14 11:00:01 PM,C,5.032
10/31/14 1:00:01 AM,C,6.537
10/31/14 3:00:01 AM,C,6.537
10/31/14 5:00:01 AM,C,5.534
10/31/14 7:00:01 AM,C,5.032
10/31/14 9:00:01 AM,C,6.036
10/31/14 11:00:01 AM,C,10.048
10/31/14 1:00:01 PM,C,12.053
10/31/14 3:00:01 PM,C,10.549
10/31/14 5:00:01 PM,C,11.552
10/31/14 7:00:01 PM,C,7.541
10/31/14 9:00:01 PM,C,6.537
10/31/14 11:00:01 PM,C,5.032
11/1/14 1:00:01 AM,C,4.53
11/1/14 3:00:01 AM,C,4.53
11/1/14 5:00:01 AM,C,5.032
11/1/14 7:00:01 AM,C,5.032
11/1/14 9:00:01 AM,C,5.534
11/1/14 11:00:01 AM,C,7.039
11/1/14 1:00:01 PM,C,10.048
11/1/14 3:00:01 PM,C,9.547
11/1/14 5:00:01 PM,C,7.541
11/1/14 7:00:01 PM,C,5.534
11/1/14 9:00:01 PM,C,6.036
11/1/14 11:00:01 PM,C,4.53
11/2/14 1:00:01 AM,C,4.53
11/2/14 3:00:01 AM,C,3.025
11/2/14 5:00:01 AM,C,2.021
11/2/14 7:00:01 AM,C,-0.49
11/2/14 9:00:01 AM,C,0.012
11/2/14 11:00:01 AM,C,0.514
11/2/14 1:00:01 PM,C,1.016
11/2/14 3:00:01 PM,C,1.518
11/2/14 5:00:01 PM,C,1.518
11/2/14 7:00:01 PM,C,0.012
11/2/14 9:00:01 PM,C,-0.993
11/2/14 11:00:01 PM,C,-3.003
11/3/14 1:00:01 AM,C,-4.008
11/3/14 3:00:01 AM,C,-4.51
11/3/14 5:00:01 AM,C,-5.516
11/3/14 7:00:01 AM,C,-5.516
11/3/14 9:00:01 AM,C,-5.013
11/3/14 11:00:01 AM,C,-1.495
11/3/14 1:00:01 PM,C,-0.993
11/3/14 3:00:01 PM,C,0.012
11/3/14 5:00:01 PM,C,-1.495
11/3/14 7:00:01 PM,C,-2.5
11/3/14 9:00:01 PM,C,-5.516
11/3/14 11:00:01 PM,C,-6.019
11/4/14 1:00:01 AM,C,-6.521
11/4/14 3:00:01 AM,C,-6.019
11/4/14 5:00:01 AM,C,-6.521
11/4/14 7:00:01 AM,C,-6.521
11/4/14 9:00:01 AM,C,-2.5
11/4/14 11:00:01 AM,C,0.012
11/4/14 1:00:01 PM,C,2.523
11/4/14 3:00:01 PM,C,3.527
11/4/14 5:00:01 PM,C,4.53
11/4/14 7:00:01 PM,C,-1.495
11/4/14 9:00:01 PM,C,-1.495
11/4/14 11:00:01 PM,C,-1.998
11/5/14 1:00:01 AM,C,-1.495
11/5/14 3:00:01 AM,C,0.514
11/5/14 5:00:01 AM,C,0.012
11/5/14 7:00:01 AM,C,-0.49
11/5/14 9:00:01 AM,C,2.021
11/5/14 11:00:01 AM,C,6.036
11/5/14 1:00:01 PM,C,8.042
11/5/14 3:00:01 PM,C,8.042
11/5/14 5:00:01 PM,C,9.045
11/5/14 7:00:01 PM,C,4.028
11/5/14 9:00:01 PM,C,1.518
11/5/14 11:00:01 PM,C,2.021
11/6/14 1:00:01 AM,C,1.518
11/6/14 3:00:01 AM,C,1.518
11/6/14 5:00:01 AM,C,1.518
11/6/14 7:00:01 AM,C,1.518
11/6/14 9:00:01 AM,C,5.534
11/6/14 11:00:01 AM,C,9.045
11/6/14 1:00:01 PM,C,11.051
11/6/14 3:00:01 PM,C,10.048
11/6/14 5:00:01 PM,C,10.048
11/6/14 7:00:01 PM,C,3.025
11/6/14 9:00:01 PM,C,2.523
11/6/14 11:00:01 PM,C,3.527
11/7/14 1:00:01 AM,C,1.518
11/7/14 3:00:01 AM,C,0.514
11/7/14 5:00:01 AM,C,1.016
11/7/14 7:00:01 AM,C,0.012
11/7/14 9:00:01 AM,C,4.53
11/7/14 11:00:01 AM,C,7.541
11/7/14 1:00:01 PM,C,10.549
11/7/14 3:00:01 PM,C,10.048
11/7/14 5:00:01 PM,C,9.547
11/7/14 7:00:01 PM,C,4.53
11/7/14 9:00:01 PM,C,4.028
11/7/14 11:00:01 PM,C,4.53
11/8/14 1:00:01 AM,C,4.028
11/8/14 3:00:01 AM,C,3.025
11/8/14 5:00:01 AM,C,1.016
11/8/14 7:00:01 AM,C,1.518
11/8/14 9:00:01 AM,C,6.036
11/8/14 11:00:01 AM,C,7.541
11/8/14 1:00:01 PM,C,10.048
11/8/14 3:00:01 PM,C,9.547
11/8/14 5:00:01 PM,C,9.547
11/8/14 7:00:01 PM,C,4.028
11/8/14 9:00:01 PM,C,2.021
11/8/14 11:00:01 PM,C,2.021
11/9/14 1:00:01 AM,C,1.518
11/9/14 3:00:01 AM,C,0.514
11/9/14 5:00:01 AM,C,0.012
11/9/14 7:00:01 AM,C,0.012
11/9/14 9:00:01 AM,C,2.021
11/9/14 11:00:01 AM,C,7.541
11/9/14 1:00:01 PM,C,9.045
11/9/14 3:00:01 PM,C,9.547
11/9/14 5:00:01 PM,C,8.544
11/9/14 7:00:01 PM,C,1.518
11/9/14 9:00:01 PM,C,0.514
11/9/14 11:00:01 PM,C,0.514
11/10/14 1:00:01 AM,C,0.012
11/10/14 3:00:01 AM,C,0.514
11/10/14 5:00:01 AM,C,0.012
11/10/14 7:00:01 AM,C,-0.993
11/10/14 9:00:01 AM,C,1.518
11/10/14 11:00:01 AM,C,3.527
11/10/14 1:00:01 PM,C,5.534
11/10/14 3:00:01 PM,C,5.534
11/10/14 5:00:01 PM,C,6.036
11/10/14 7:00:01 PM,C,-0.49
11/10/14 9:00:01 PM,C,-1.495
11/10/14 11:00:01 PM,C,-1.998
11/11/14 1:00:01 AM,C,-3.003
11/11/14 3:00:01 AM,C,-4.008
11/11/14 5:00:01 AM,C,-3.505
11/11/14 7:00:01 AM,C,-3.003
11/11/14 9:00:01 AM,C,-1.998
11/11/14 11:00:01 AM,C,1.016
11/11/14 1:00:01 PM,C,2.523
11/11/14 3:00:01 PM,C,3.025
11/11/14 5:00:01 PM,C,4.028
11/11/14 7:00:01 PM,C,0.012
11/11/14 9:00:01 PM,C,1.016
11/11/14 11:00:01 PM,C,0.514
11/12/14 1:00:01 AM,C,1.016
11/12/14 3:00:01 AM,C,0.012
11/12/14 5:00:01 AM,C,-1.495
11/12/14 7:00:01 AM,C,-0.993
11/12/14 9:00:01 AM,C,-0.993
11/12/14 11:00:01 AM,C,-0.993
11/12/14 1:00:01 PM,C,0.012
11/12/14 3:00:01 PM,C,1.016
11/12/14 5:00:01 PM,C,0.514
11/12/14 7:00:01 PM,C,-0.49
11/12/14 9:00:01 PM,C,-0.993
11/12/14 11:00:01 PM,C,-0.993
11/13/14 1:00:01 AM,C,-1.495
11/13/14 3:00:01 AM,C,-1.998
11/13/14 5:00:01 AM,C,-1.998
11/13/14 7:00:01 AM,C,-1.998
11/13/14 9:00:01 AM,C,-2.5
11/13/14 11:00:01 AM,C,-1.998
11/13/14 1:00:01 PM,C,-0.993
11/13/14 3:00:01 PM,C,0.012
11/13/14 5:00:01 PM,C,-1.495
11/13/14 7:00:01 PM,C,-1.495
11/13/14 9:00:01 PM,C,-1.998
11/13/14 11:00:01 PM,C,-1.998
11/14/14 1:00:01 AM,C,-1.998
11/14/14 3:00:01 AM,C,-2.5
11/14/14 5:00:01 AM,C,-2.5
11/14/14 7:00:01 AM,C,-3.003
11/14/14 9:00:01 AM,C,-2.5
11/14/14 11:00:01 AM,C,-1.495
11/14/14 1:00:01 PM,C,-1.495
11/14/14 3:00:01 PM,C,-1.998
11/14/14 5:00:01 PM,C,-1.495
11/14/14 7:00:01 PM,C,-2.5
11/14/14 9:00:01 PM,C,-3.003
11/14/14 11:00:01 PM,C,-3.505
11/15/14 1:00:01 AM,C,-3.505
11/15/14 3:00:01 AM,C,-3.505
11/15/14 5:00:01 AM,C,-4.008
11/15/14 7:00:01 AM,C,-4.008
11/15/14 9:00:01 AM,C,-4.008
11/15/14 11:00:01 AM,C,-3.505
11/15/14 1:00:01 PM,C,-3.505
11/15/14 3:00:01 PM,C,-2.5
11/15/14 5:00:01 PM,C,-4.008
11/15/14 7:00:01 PM,C,-4.51
11/15/14 9:00:01 PM,C,-4.51
11/15/14 11:00:01 PM,C,-5.013
11/16/14 1:00:01 AM,C,-6.019
11/16/14 3:00:01 AM,C,-8.533
11/16/14 5:00:01 AM,C,-10.042
11/16/14 7:00:01 AM,C,-12.055
11/16/14 9:00:01 AM,C,-12.559
11/16/14 11:00:01 AM,C,-9.539
11/16/14 1:00:01 PM,C,-7.024
11/16/14 3:00:01 PM,C,-5.013
11/16/14 5:00:01 PM,C,-5.516
11/16/14 7:00:01 PM,C,-10.042
11/16/14 9:00:01 PM,C,-9.539
11/16/14 11:00:01 PM,C,-10.042
11/17/14 1:00:01 AM,C,-9.539
11/17/14 3:00:01 AM,C,-10.042
11/17/14 5:00:01 AM,C,-9.539
11/17/14 7:00:01 AM,C,-9.539
11/17/14 9:00:01 AM,C,-9.036
11/17/14 11:00:01 AM,C,-5.516
11/17/14 1:00:01 PM,C,-4.008
11/17/14 3:00:01 PM,C,-3.505
11/17/14 5:00:01 PM,C,-4.008
11/17/14 7:00:01 PM,C,-8.03
11/17/14 9:00:01 PM,C,-7.527
11/17/14 11:00:01 PM,C,-8.03
11/18/14 1:00:01 AM,C,-9.036
11/18/14 3:00:01 AM,C,-8.03
11/18/14 5:00:01 AM,C,-8.03
11/18/14 7:00:01 AM,C,-7.024
11/18/14 9:00:01 AM,C,-7.527
11/18/14 11:00:01 AM,C,-3.003
11/18/14 1:00:01 PM,C,-1.495
11/18/14 3:00:01 PM,C,-0.993
11/18/14 5:00:01 PM,C,-0.49
11/18/14 7:00:01 PM,C,-3.003
11/18/14 9:00:01 PM,C,-3.505
11/18/14 11:00:01 PM,C,-4.008
11/19/14 1:00:01 AM,C,-4.008
11/19/14 3:00:01 AM,C,-4.008
11/19/14 5:00:01 AM,C,-4.008
11/19/14 7:00:01 AM,C,-4.008
11/19/14 9:00:01 AM,C,-4.51
11/19/14 11:00:01 AM,C,0.514
11/19/14 1:00:01 PM,C,0.514
11/19/14 3:00:01 PM,C,1.016
11/19/14 5:00:01 PM,C,1.518
11/19/14 7:00:01 PM,C,-1.495
11/19/14 9:00:01 PM,C,-3.003
11/19/14 11:00:01 PM,C,-4.51
11/20/14 1:00:01 AM,C,-5.013
11/20/14 3:00:01 AM,C,-5.516
11/20/14 5:00:01 AM,C,-4.51
11/20/14 7:00:01 AM,C,-6.019
11/20/14 9:00:01 AM,C,-5.013
11/20/14 11:00:01 AM,C,-0.993
11/20/14 1:00:01 PM,C,0.514
11/20/14 3:00:01 PM,C,0.012
11/20/14 5:00:01 PM,C,-0.49
11/20/14 7:00:01 PM,C,-2.5
11/20/14 9:00:01 PM,C,-2.5
11/20/14 11:00:01 PM,C,-3.003
11/21/14 1:00:01 AM,C,-5.013
11/21/14 3:00:01 AM,C,-5.516
11/21/14 5:00:01 AM,C,-5.516
11/21/14 7:00:01 AM,C,-5.516
11/21/14 9:00:01 AM,C,-4.008
11/21/14 11:00:01 AM,C,-1.495
11/21/14 1:00:01 PM,C,0.514
11/21/14 3:00:01 PM,C,1.518
11/21/14 5:00:01 PM,C,1.518
11/21/14 7:00:01 PM,C,-2.5
11/21/14 9:00:01 PM,C,-4.008
11/21/14 11:00:01 PM,C,-5.013
11/22/14 1:00:01 AM,C,-5.516
11/22/14 3:00:01 AM,C,-6.019
11/22/14 5:00:01 AM,C,-6.019
11/22/14 7:00:01 AM,C,-6.521
11/22/14 9:00:01 AM,C,-5.516
11/22/14 11:00:01 AM,C,-0.49
11/22/14 1:00:01 PM,C,1.016
11/22/14 3:00:01 PM,C,1.016
11/22/14 5:00:01 PM,C,-0.49
11/22/14 7:00:01 PM,C,-1.495
11/22/14 9:00:01 PM,C,-2.5
11/22/14 11:00:01 PM,C,-2.5
11/23/14 1:00:01 AM,C,-3.505
11/23/14 3:00:01 AM,C,-4.51
11/23/14 5:00:01 AM,C,-6.521
11/23/14 7:00:01 AM,C,-7.527
11/23/14 9:00:01 AM,C,-8.533
11/23/14 11:00:01 AM,C,-9.539
11/23/14 1:00:01 PM,C,-7.527
11/23/14 3:00:01 PM,C,-8.03
11/23/14 5:00:01 PM,C,-8.03
11/23/14 7:00:01 PM,C,-11.552
11/23/14 9:00:01 PM,C,-13.062
11/23/14 11:00:01 PM,C,-12.055
11/24/14 1:00:01 AM,C,-13.566
11/24/14 3:00:01 AM,C,-12.559
11/24/14 5:00:01 AM,C,-14.069
11/24/14 7:00:01 AM,C,-13.062
11/24/14 9:00:01 AM,C,-12.055
11/24/14 11:00:01 AM,C,-11.049
11/24/14 1:00:01 PM,C,-9.036
11/24/14 3:00:01 PM,C,-9.036
11/24/14 5:00:01 PM,C,-10.546
11/24/14 7:00:01 PM,C,-11.552
11/24/14 9:00:01 PM,C,-12.055
11/24/14 11:00:01 PM,C,-12.559
11/25/14 1:00:01 AM,C,-13.062
11/25/14 3:00:01 AM,C,-12.055
11/25/14 5:00:01 AM,C,-11.552
11/25/14 7:00:01 AM,C,-10.546
11/25/14 9:00:01 AM,C,-9.539
11/25/14 11:00:01 AM,C,-7.024
11/25/14 1:00:01 PM,C,-5.013
11/25/14 3:00:01 PM,C,-3.505
11/25/14 5:00:01 PM,C,-4.008
11/25/14 7:00:01 PM,C,-5.013
11/25/14 9:00:01 PM,C,-4.51
11/25/14 11:00:01 PM,C,-4.008
11/26/14 1:00:01 AM,C,-4.008
11/26/14 3:00:01 AM,C,-3.505
11/26/14 5:00:01 AM,C,-3.505
11/26/14 7:00:01 AM,C,-3.505
11/26/14 9:00:01 AM,C,-3.505
11/26/14 11:00:01 AM,C,0.012
11/26/14 1:00:01 PM,C,3.025
11/26/14 3:00:01 PM,C,4.53
11/26/14 5:00:01 PM,C,4.53
11/26/14 7:00:01 PM,C,1.016
11/26/14 9:00:01 PM,C,0.012
11/26/14 11:00:01 PM,C,0.012
11/27/14 1:00:01 AM,C,0.514
11/27/14 3:00:01 AM,C,-0.993
11/27/14 5:00:01 AM,C,-0.993
11/27/14 7:00:01 AM,C,-1.495
11/27/14 9:00:01 AM,C,1.016
11/27/14 11:00:01 AM,C,6.537
11/27/14 1:00:01 PM,C,8.544
11/27/14 3:00:01 PM,C,8.042
11/27/14 5:00:01 PM,C,7.541
11/27/14 7:00:01 PM,C,2.021
11/27/14 9:00:01 PM,C,1.016
11/27/14 11:00:01 PM,C,0.514
11/28/14 1:00:01 AM,C,0.514
11/28/14 3:00:01 AM,C,1.016
11/28/14 5:00:01 AM,C,0.514
11/28/14 7:00:01 AM,C,0.514
11/28/14 9:00:01 AM,C,1.016
11/28/14 11:00:01 AM,C,6.537
11/28/14 1:00:01 PM,C,8.544
11/28/14 3:00:01 PM,C,8.544
11/28/14 5:00:01 PM,C,7.541
11/28/14 7:00:01 PM,C,1.518
11/28/14 9:00:01 PM,C,0.514
11/28/14 11:00:01 PM,C,1.016
11/29/14 1:00:01 AM,C,1.016
11/29/14 3:00:01 AM,C,0.012
11/29/14 5:00:01 AM,C,-0.993
11/29/14 7:00:01 AM,C,-0.49
11/29/14 9:00:01 AM,C,-0.49
11/29/14 11:00:01 AM,C,3.527
11/29/14 1:00:01 PM,C,4.53
11/29/14 3:00:01 PM,C,4.53
11/29/14 5:00:01 PM,C,3.527
11/29/14 7:00:01 PM,C,-0.49
11/29/14 9:00:01 PM,C,-0.993
11/29/14 11:00:01 PM,C,-0.993
11/30/14 1:00:01 AM,C,-0.49
11/30/14 3:00:01 AM,C,-1.495
11/30/14 5:00:01 AM,C,-1.998
11/30/14 7:00:01 AM,C,-1.998
11/30/14 9:00:01 AM,C,-1.998
11/30/14 11:00:01 AM,C,0.514
11/30/14 1:00:01 PM,C,2.021
11/30/14 3:00:01 PM,C,1.518
11/30/14 5:00:01 PM,C,0.514
11/30/14 7:00:01 PM,C,-1.495
11/30/14 9:00:01 PM,C,-1.495
11/30/14 11:00:01 PM,C,-1.495
12/1/14 1:00:01 AM,C,-1.495
12/1/14 3:00:01 AM,C,-2.5
12/1/14 5:00:01 AM,C,-5.013
12/1/14 7:00:01 AM,C,-6.019
12/1/14 9:00:01 AM,C,-5.516
12/1/14 11:00:01 AM,C,-0.49
12/1/14 1:00:01 PM,C,1.016
12/1/14 3:00:01 PM,C,1.518
12/1/14 5:00:01 PM,C,1.518
12/1/14 7:00:01 PM,C,-2.5
12/1/14 9:00:01 PM,C,-3.505
12/1/14 11:00:01 PM,C,-4.008
12/2/14 1:00:01 AM,C,-3.505
12/2/14 3:00:01 AM,C,-4.51
12/2/14 5:00:01 AM,C,-4.008
12/2/14 7:00:01 AM,C,-2.5
12/2/14 9:00:01 AM,C,-1.495
12/2/14 11:00:01 AM,C,2.523
12/2/14 1:00:01 PM,C,5.032
12/2/14 3:00:01 PM,C,3.025
12/2/14 5:00:01 PM,C,2.523
12/2/14 7:00:01 PM,C,0.514
12/2/14 9:00:01 PM,C,1.016
12/2/14 11:00:01 PM,C,-0.49
12/3/14 1:00:01 AM,C,-0.49
12/3/14 3:00:01 AM,C,-0.993
12/3/14 5:00:01 AM,C,-1.998
12/3/14 7:00:01 AM,C,-0.993
12/3/14 9:00:01 AM,C,-0.49
12/3/14 11:00:01 AM,C,0.012
12/3/14 1:00:01 PM,C,0.514
12/3/14 3:00:01 PM,C,1.016
12/3/14 5:00:01 PM,C,0.012
12/3/14 7:00:01 PM,C,-0.49
12/3/14 9:00:01 PM,C,-0.49
12/3/14 11:00:01 PM,C,-0.49
12/4/14 1:00:01 AM,C,-0.49
12/4/14 3:00:01 AM,C,-0.993
12/4/14 5:00:01 AM,C,-0.993
12/4/14 7:00:01 AM,C,-0.49
12/4/14 9:00:01 AM,C,-0.49
12/4/14 11:00:01 AM,C,0.514
12/4/14 1:00:01 PM,C,0.514
12/4/14 3:00:01 PM,C,0.012
12/4/14 5:00:01 PM,C,0.012
12/4/14 7:00:01 PM,C,-0.993
12/4/14 9:00:01 PM,C,-0.993
12/4/14 11:00:01 PM,C,-1.998
12/5/14 1:00:01 AM,C,-1.998
12/5/14 3:00:01 AM,C,-2.5
12/5/14 5:00:01 AM,C,-2.5
12/5/14 7:00:01 AM,C,-2.5
12/5/14 9:00:01 AM,C,-4.51
12/5/14 11:00:01 AM,C,0.514
12/5/14 1:00:01 PM,C,1.518
12/5/14 3:00:01 PM,C,1.518
12/5/14 5:00:01 PM,C,-0.49
12/5/14 7:00:01 PM,C,-2.5
12/5/14 9:00:01 PM,C,-2.5
12/5/14 11:00:01 PM,C,-3.003
12/6/14 1:00:01 AM,C,-1.998
12/6/14 3:00:01 AM,C,-1.495
12/6/14 5:00:01 AM,C,-1.495
12/6/14 7:00:01 AM,C,-1.998
12/6/14 9:00:01 AM,C,-0.993
12/6/14 11:00:01 AM,C,1.016
12/6/14 1:00:01 PM,C,2.523
12/6/14 3:00:01 PM,C,1.016
12/6/14 5:00:01 PM,C,0.012
12/6/14 7:00:01 PM,C,-1.495
12/6/14 9:00:01 PM,C,-1.495
12/6/14 11:00:01 PM,C,-1.998
12/7/14 1:00:01 AM,C,-3.505
12/7/14 3:00:01 AM,C,-4.008
12/7/14 5:00:01 AM,C,-3.505
12/7/14 7:00:01 AM,C,-4.51
12/7/14 9:00:01 AM,C,-3.505
12/7/14 11:00:01 AM,C,1.016
12/7/14 1:00:01 PM,C,3.527
12/7/14 3:00:01 PM,C,4.028
12/7/14 5:00:01 PM,C,4.028
12/7/14 7:00:01 PM,C,0.514
12/7/14 9:00:01 PM,C,-1.495
12/7/14 11:00:01 PM,C,-1.495
12/8/14 1:00:01 AM,C,-2.5
12/8/14 3:00:01 AM,C,-1.495
12/8/14 5:00:01 AM,C,-0.993
12/8/14 7:00:01 AM,C,-1.495
12/8/14 9:00:01 AM,C,0.012
12/8/14 11:00:01 AM,C,4.028
12/8/14 1:00:01 PM,C,6.036
12/8/14 3:00:01 PM,C,5.534
12/8/14 5:00:01 PM,C,4.028
12/8/14 7:00:01 PM,C,1.016
12/8/14 9:00:01 PM,C,1.016
12/8/14 11:00:01 PM,C,1.518
12/9/14 1:00:01 AM,C,1.518
12/9/14 3:00:01 AM,C,2.021
12/9/14 5:00:01 AM,C,1.016
12/9/14 7:00:01 AM,C,2.021
12/9/14 9:00:01 AM,C,1.518
12/9/14 11:00:01 AM,C,6.036
12/9/14 1:00:01 PM,C,6.537
12/9/14 3:00:01 PM,C,6.036
12/9/14 5:00:01 PM,C,5.032
12/9/14 7:00:01 PM,C,-0.993
12/9/14 9:00:01 PM,C,-0.993
12/9/14 11:00:01 PM,C,-1.998
12/10/14 1:00:01 AM,C,-2.5
12/10/14 3:00:01 AM,C,-0.993
12/10/14 5:00:01 AM,C,-1.998
12/10/14 7:00:01 AM,C,-2.5
12/10/14 9:00:01 AM,C,-1.998
12/10/14 11:00:01 AM,C,2.523
12/10/14 1:00:01 PM,C,5.534
12/10/14 3:00:01 PM,C,5.534
12/10/14 5:00:01 PM,C,4.53
12/10/14 7:00:01 PM,C,0.012
12/10/14 9:00:01 PM,C,-0.49
12/10/14 11:00:01 PM,C,-0.49
12/11/14 1:00:01 AM,C,-1.495
12/11/14 3:00:01 AM,C,-1.495
12/11/14 5:00:01 AM,C,-1.495
12/11/14 7:00:01 AM,C,-1.998
12/11/14 9:00:01 AM,C,-1.495
12/11/14 11:00:01 AM,C,3.527
12/11/14 1:00:01 PM,C,5.534
12/11/14 3:00:01 PM,C,5.032
12/11/14 5:00:01 PM,C,3.527
12/11/14 7:00:01 PM,C,-0.993
12/11/14 9:00:01 PM,C,-0.49
12/11/14 11:00:01 PM,C,-1.495
12/12/14 1:00:01 AM,C,-0.993
12/12/14 3:00:01 AM,C,0.012
12/12/14 5:00:01 AM,C,-0.49
12/12/14 7:00:01 AM,C,-0.49
12/12/14 9:00:01 AM,C,0.012
12/12/14 11:00:01 AM,C,3.025
12/12/14 1:00:01 PM,C,5.032
12/12/14 3:00:01 PM,C,6.036
12/12/14 5:00:01 PM,C,4.53
12/12/14 7:00:01 PM,C,2.021
12/12/14 9:00:01 PM,C,2.523
12/12/14 11:00:01 PM,C,2.523
12/13/14 1:00:01 AM,C,2.021
12/13/14 3:00:01 AM,C,0.514
12/13/14 5:00:01 AM,C,0.514
12/13/14 7:00:01 AM,C,-0.49
12/13/14 9:00:01 AM,C,-0.49
12/13/14 11:00:01 AM,C,0.012
12/13/14 1:00:01 PM,C,1.016
12/13/14 3:00:01 PM,C,-4.51
12/13/14 5:00:01 PM,C,-4.51
12/13/14 7:00:01 PM,C,-5.013
12/13/14 9:00:01 PM,C,-5.516
12/13/14 11:00:01 PM,C,-6.521
12/14/14 1:00:01 AM,C,-7.024
12/14/14 3:00:01 AM,C,-7.527
12/14/14 5:00:01 AM,C,-7.024
12/14/14 7:00:01 AM,C,-8.03
12/14/14 9:00:01 AM,C,-7.527
12/14/14 11:00:01 AM,C,-6.521
12/14/14 1:00:01 PM,C,-6.521
12/14/14 3:00:01 PM,C,-7.527
12/14/14 5:00:01 PM,C,-8.03
12/14/14 7:00:01 PM,C,-8.533
12/14/14 9:00:01 PM,C,-9.036
12/14/14 11:00:01 PM,C,-10.042
12/15/14 1:00:01 AM,C,-10.546
12/15/14 3:00:01 AM,C,-11.049
12/15/14 5:00:01 AM,C,-11.552
12/15/14 7:00:01 AM,C,-11.552
12/15/14 9:00:01 AM,C,-12.559
12/15/14 11:00:01 AM,C,-6.019
12/15/14 1:00:01 PM,C,-3.003
12/15/14 3:00:01 PM,C,-1.998
12/15/14 5:00:01 PM,C,-4.51
12/15/14 7:00:01 PM,C,-6.521
12/15/14 9:00:01 PM,C,-6.521
12/15/14 11:00:01 PM,C,-6.521
12/16/14 1:00:01 AM,C,-5.013
12/16/14 3:00:01 AM,C,-3.003
12/16/14 5:00:01 AM,C,-2.5
12/16/14 7:00:01 AM,C,-2.5
12/16/14 9:00:01 AM,C,-1.495
12/16/14 11:00:01 AM,C,-0.49
12/16/14 1:00:01 PM,C,0.514
12/16/14 3:00:01 PM,C,-0.49
12/16/14 5:00:01 PM,C,-1.495
12/16/14 7:00:01 PM,C,-2.5
12/16/14 9:00:01 PM,C,-3.003
12/16/14 11:00:01 PM,C,-4.008
12/17/14 1:00:01 AM,C,-3.505
12/17/14 3:00:01 AM,C,-4.008
12/17/14 5:00:01 AM,C,-5.013
12/17/14 7:00:01 AM,C,-4.51
12/17/14 9:00:01 AM,C,-5.516
12/17/14 11:00:01 AM,C,-4.008
12/17/14 1:00:01 PM,C,-4.008
12/17/14 3:00:01 PM,C,-4.008
12/17/14 5:00:01 PM,C,-5.516
12/17/14 7:00:01 PM,C,-6.019
12/17/14 9:00:01 PM,C,-6.521
12/17/14 11:00:01 PM,C,-7.024
12/18/14 1:00:01 AM,C,-7.527
12/18/14 3:00:01 AM,C,-8.03
12/18/14 5:00:01 AM,C,-8.03
12/18/14 7:00:01 AM,C,-9.036
12/18/14 9:00:01 AM,C,-8.533
12/18/14 11:00:01 AM,C,-7.024
12/18/14 1:00:01 PM,C,-7.024
12/18/14 3:00:01 PM,C,-7.527
12/18/14 5:00:01 PM,C,-6.521
12/18/14 7:00:01 PM,C,-8.533
12/18/14 9:00:01 PM,C,-10.042
12/18/14 11:00:01 PM,C,-11.049
12/19/14 1:00:01 AM,C,-11.049
12/19/14 3:00:01 AM,C,-11.552
12/19/14 5:00:01 AM,C,-12.055
12/19/14 7:00:01 AM,C,-11.552
12/19/14 9:00:01 AM,C,-10.546
12/19/14 11:00:01 AM,C,-6.521
12/19/14 1:00:01 PM,C,-5.013
12/19/14 3:00:01 PM,C,-3.505
12/19/14 5:00:01 PM,C,-4.008
12/19/14 7:00:01 PM,C,-7.527
12/19/14 9:00:01 PM,C,-8.533
12/19/14 11:00:01 PM,C,-9.036
12/20/14 1:00:01 AM,C,-10.042
12/20/14 3:00:01 AM,C,-8.03
12/20/14 5:00:01 AM,C,-5.516
12/20/14 7:00:01 AM,C,-6.521
12/20/14 9:00:01 AM,C,-5.013
12/20/14 11:00:01 AM,C,-1.998
12/20/14 1:00:01 PM,C,-0.49
12/20/14 3:00:01 PM,C,-0.993
12/20/14 5:00:01 PM,C,-3.505
12/20/14 7:00:01 PM,C,-4.008
12/20/14 9:00:01 PM,C,-5.516
12/20/14 11:00:01 PM,C,-6.019
12/21/14 1:00:01 AM,C,-5.516
12/21/14 3:00:01 AM,C,-5.013
12/21/14 5:00:01 AM,C,-5.516
12/21/14 7:00:01 AM,C,-6.521
12/21/14 9:00:01 AM,C,-5.516
12/21/14 11:00:01 AM,C,-4.008
12/21/14 1:00:01 PM,C,-3.003
12/21/14 3:00:01 PM,C,-2.5
12/21/14 5:00:01 PM,C,-2.5
12/21/14 7:00:01 PM,C,-3.003
12/21/14 9:00:01 PM,C,-3.003
12/21/14 11:00:01 PM,C,-3.003
12/22/14 1:00:01 AM,C,-3.003
12/22/14 3:00:01 AM,C,-3.003
12/22/14 5:00:01 AM,C,-3.505
12/22/14 7:00:01 AM,C,-4.51
12/22/14 9:00:01 AM,C,-4.51
12/22/14 11:00:01 AM,C,-4.008
12/22/14 1:00:01 PM,C,-3.505
12/22/14 3:00:01 PM,C,-4.008
12/22/14 5:00:01 PM,C,-5.013
12/22/14 7:00:01 PM,C,-6.521
12/22/14 9:00:01 PM,C,-8.03
12/22/14 11:00:01 PM,C,-10.546
12/23/14 1:00:01 AM,C,-11.049
12/23/14 3:00:01 AM,C,-12.055
12/23/14 5:00:01 AM,C,-12.559
12/23/14 7:00:01 AM,C,-13.566
12/23/14 9:00:01 AM,C,-14.069
12/23/14 11:00:01 AM,C,-12.055
12/23/14 1:00:01 PM,C,-10.042
12/23/14 3:00:01 PM,C,-10.042
12/23/14 5:00:01 PM,C,-10.546
12/23/14 7:00:01 PM,C,-13.566
12/23/14 9:00:01 PM,C,-13.062
12/23/14 11:00:01 PM,C,-11.552
12/24/14 1:00:01 AM,C,-11.552
12/24/14 3:00:01 AM,C,-8.533
12/24/14 5:00:01 AM,C,-8.533
12/24/14 7:00:01 AM,C,-4.51
12/24/14 9:00:01 AM,C,-5.013
12/24/14 11:00:01 AM,C,0.012
12/24/14 1:00:01 PM,C,0.012
12/24/14 3:00:01 PM,C,0.514
12/24/14 5:00:01 PM,C,-2.5
12/24/14 7:00:01 PM,C,-4.51
12/24/14 9:00:01 PM,C,-4.008
12/24/14 11:00:01 PM,C,-4.008
12/25/14 1:00:01 AM,C,-4.008
12/25/14 3:00:01 AM,C,-4.008
12/25/14 5:00:01 AM,C,-5.013
12/25/14 7:00:01 AM,C,-6.521
12/25/14 9:00:01 AM,C,-7.527
12/25/14 11:00:01 AM,C,-8.03
12/25/14 1:00:01 PM,C,-8.03
12/25/14 3:00:01 PM,C,-8.533
12/25/14 5:00:01 PM,C,-8.533
12/25/14 7:00:01 PM,C,-9.539
12/25/14 9:00:01 PM,C,-10.546
12/25/14 11:00:01 PM,C,-11.552
12/26/14 1:00:01 AM,C,-14.069
12/26/14 3:00:01 AM,C,-13.566
12/26/14 5:00:01 AM,C,-13.062
12/26/14 7:00:01 AM,C,-12.559
12/26/14 9:00:01 AM,C,-13.566
12/26/14 11:00:01 AM,C,-11.552
12/26/14 1:00:01 PM,C,-11.049
12/26/14 3:00:01 PM,C,-10.546
12/26/14 5:00:01 PM,C,-13.062
12/26/14 7:00:01 PM,C,-13.566
12/26/14 9:00:01 PM,C,-14.069
12/26/14 11:00:01 PM,C,-14.573
12/27/14 1:00:01 AM,C,-16.083
12/27/14 3:00:01 AM,C,-16.083
12/27/14 5:00:01 AM,C,-17.091
12/27/14 7:00:01 AM,C,-16.083
12/27/14 9:00:01 AM,C,-17.595
12/27/14 11:00:01 AM,C,-12.055
12/27/14 1:00:01 PM,C,-9.539
12/27/14 3:00:01 PM,C,-10.042
12/27/14 5:00:01 PM,C,-10.042
12/27/14 7:00:01 PM,C,-15.076
12/27/14 9:00:01 PM,C,-17.091
12/27/14 11:00:01 PM,C,-17.091
12/28/14 1:00:01 AM,C,-16.083
12/28/14 3:00:01 AM,C,-15.58
12/28/14 5:00:01 AM,C,-14.069
12/28/14 7:00:01 AM,C,-12.559
12/28/14 9:00:01 AM,C,-13.062
12/28/14 11:00:01 AM,C,-10.042
12/28/14 1:00:01 PM,C,-6.521
12/28/14 3:00:01 PM,C,-6.521
12/28/14 5:00:01 PM,C,-6.521
12/28/14 7:00:01 PM,C,-11.552
12/28/14 9:00:01 PM,C,-13.566
12/28/14 11:00:01 PM,C,-14.573
12/29/14 1:00:01 AM,C,-13.062
12/29/14 3:00:01 AM,C,-12.559
12/29/14 5:00:01 AM,C,-12.559
12/29/14 7:00:01 AM,C,-13.062
12/29/14 9:00:01 AM,C,-13.062
12/29/14 11:00:01 AM,C,-11.552
12/29/14 1:00:01 PM,C,-10.042
12/29/14 3:00:01 PM,C,-11.049
12/29/14 5:00:01 PM,C,-12.055
12/29/14 7:00:01 PM,C,-13.062
12/29/14 9:00:01 PM,C,-13.566
12/29/14 11:00:01 PM,C,-16.083
12/30/14 1:00:01 AM,C,-17.091
12/30/14 3:00:01 AM,C,-16.083
12/30/14 5:00:01 AM,C,-14.069
12/30/14 7:00:01 AM,C,-12.559
12/30/14 9:00:01 AM,C,-13.566
12/30/14 11:00:01 AM,C,-9.036
12/30/14 1:00:01 PM,C,-6.521
12/30/14 3:00:01 PM,C,-6.019
12/30/14 5:00:01 PM,C,-7.024
12/30/14 7:00:01 PM,C,-9.036
12/30/14 9:00:01 PM,C,-9.539
12/30/14 11:00:01 PM,C,-8.533
12/31/14 1:00:01 AM,C,-7.527
12/31/14 3:00:01 AM,C,-10.042
12/31/14 5:00:01 AM,C,-10.042
12/31/14 7:00:01 AM,C,-8.533
12/31/14 9:00:01 AM,C,-8.533
12/31/14 11:00:01 AM,C,-5.516
12/31/14 1:00:01 PM,C,-1.495
12/31/14 3:00:01 PM,C,-1.495
12/31/14 5:00:01 PM,C,-4.008
12/31/14 7:00:01 PM,C,-6.019
12/31/14 9:00:01 PM,C,-6.019
12/31/14 11:00:01 PM,C,-7.024
1/1/15 1:00:01 AM,C,-7.527
1/1/15 3:00:01 AM,C,-7.527
1/1/15 5:00:01 AM,C,-7.527
1/1/15 7:00:01 AM,C,-8.533
1/1/15 9:00:01 AM,C,-10.042
1/1/15 11:00:01 AM,C,-10.546
1/1/15 1:00:01 PM,C,-9.539
1/1/15 3:00:01 PM,C,-10.546
1/1/15 5:00:01 PM,C,-11.049
1/1/15 7:00:01 PM,C,-12.055
1/1/15 9:00:01 PM,C,-14.573
1/1/15 11:00:01 PM,C,-14.069
1/2/15 1:00:01 AM,C,-15.076
1/2/15 3:00:01 AM,C,-16.083
1/2/15 5:00:01 AM,C,-16.587
1/2/15 7:00:01 AM,C,-17.595
1/2/15 9:00:01 AM,C,-16.587
1/2/15 11:00:01 AM,C,-9.539
1/2/15 1:00:01 PM,C,-5.516
1/2/15 3:00:01 PM,C,-4.008
1/2/15 5:00:01 PM,C,-5.516
1/2/15 7:00:01 PM,C,-9.539
1/2/15 9:00:01 PM,C,-10.546
1/2/15 11:00:01 PM,C,-9.539
1/3/15 1:00:01 AM,C,-8.03
1/3/15 3:00:01 AM,C,-7.024
1/3/15 5:00:01 AM,C,-7.527
1/3/15 7:00:01 AM,C,-7.024
1/3/15 9:00:01 AM,C,-7.527
1/3/15 11:00:01 AM,C,-3.505
1/3/15 1:00:01 PM,C,-1.998
1/3/15 3:00:01 PM,C,-3.505
1/3/15 5:00:01 PM,C,-5.516
1/3/15 7:00:01 PM,C,-9.036
1/3/15 9:00:01 PM,C,-9.539
1/3/15 11:00:01 PM,C,-9.539
1/4/15 1:00:01 AM,C,-8.533
1/4/15 3:00:01 AM,C,-9.036
1/4/15 5:00:01 AM,C,-9.036
1/4/15 7:00:01 AM,C,-7.024
1/4/15 9:00:01 AM,C,-6.019
1/4/15 11:00:01 AM,C,-2.5
1/4/15 1:00:01 PM,C,0.012
1/4/15 3:00:01 PM,C,0.514
1/4/15 5:00:01 PM,C,-0.49
1/4/15 7:00:01 PM,C,-2.5
1/4/15 9:00:01 PM,C,-2.5
1/4/15 11:00:01 PM,C,-3.003
1/5/15 1:00:01 AM,C,-3.003
1/5/15 3:00:01 AM,C,-3.505
1/5/15 5:00:01 AM,C,-5.013
1/5/15 7:00:01 AM,C,-4.51
1/5/15 9:00:01 AM,C,-3.505
1/5/15 11:00:01 AM,C,0.012
1/5/15 1:00:01 PM,C,2.021
1/5/15 3:00:01 PM,C,3.025
1/5/15 5:00:01 PM,C,3.527
1/5/15 7:00:01 PM,C,0.514
1/5/15 9:00:01 PM,C,0.514
1/5/15 11:00:01 PM,C,2.021
1/6/15 1:00:01 AM,C,1.518
1/6/15 3:00:01 AM,C,0.012
1/6/15 5:00:01 AM,C,-0.993
1/6/15 7:00:01 AM,C,-0.993
1/6/15 9:00:01 AM,C,-0.993
1/6/15 11:00:01 AM,C,5.534
1/6/15 1:00:01 PM,C,9.045
1/6/15 3:00:01 PM,C,7.541
1/6/15 5:00:01 PM,C,7.541
1/6/15 7:00:01 PM,C,5.032
1/6/15 9:00:01 PM,C,5.534
1/6/15 11:00:01 PM,C,3.527
1/7/15 1:00:01 AM,C,3.527
1/7/15 3:00:01 AM,C,2.523
1/7/15 5:00:01 AM,C,1.016
1/7/15 7:00:01 AM,C,1.016
1/7/15 9:00:01 AM,C,1.016
1/7/15 11:00:01 AM,C,5.032
1/7/15 1:00:01 PM,C,8.042
1/7/15 3:00:01 PM,C,7.541
1/7/15 5:00:01 PM,C,6.036
1/7/15 7:00:01 PM,C,0.514
1/7/15 9:00:01 PM,C,-0.49
1/7/15 11:00:01 PM,C,-0.993
1/8/15 1:00:01 AM,C,0.012
1/8/15 3:00:01 AM,C,-0.993
1/8/15 5:00:01 AM,C,-0.993
1/8/15 7:00:01 AM,C,-0.993
1/8/15 9:00:01 AM,C,-1.495
1/8/15 11:00:01 AM,C,4.53
1/8/15 1:00:01 PM,C,5.534
1/8/15 3:00:01 PM,C,5.534
1/8/15 5:00:01 PM,C,5.534
1/8/15 7:00:01 PM,C,2.523
1/8/15 9:00:01 PM,C,2.021
1/8/15 11:00:01 PM,C,0.514
1/9/15 1:00:01 AM,C,-0.993
1/9/15 3:00:01 AM,C,-0.993
1/9/15 5:00:01 AM,C,-1.998
1/9/15 7:00:01 AM,C,-3.003
1/9/15 9:00:01 AM,C,-3.505
1/9/15 11:00:01 AM,C,0.012
1/9/15 1:00:01 PM,C,2.523
1/9/15 3:00:01 PM,C,2.523
1/9/15 5:00:01 PM,C,1.518
1/9/15 7:00:01 PM,C,-1.998
1/9/15 9:00:01 PM,C,-3.003
1/9/15 11:00:01 PM,C,-4.008
1/10/15 1:00:01 AM,C,-4.51
1/10/15 3:00:01 AM,C,-4.51
1/10/15 5:00:01 AM,C,-3.505
1/10/15 7:00:01 AM,C,-3.003
1/10/15 9:00:01 AM,C,-3.003
1/10/15 11:00:01 AM,C,-0.49
1/10/15 1:00:01 PM,C,1.518
1/10/15 3:00:01 PM,C,1.016
1/10/15 5:00:01 PM,C,1.016
1/10/15 7:00:01 PM,C,-2.5
1/10/15 9:00:01 PM,C,-3.505
1/10/15 11:00:01 PM,C,-4.008
1/11/15 1:00:01 AM,C,-3.003
1/11/15 3:00:01 AM,C,-3.003
1/11/15 5:00:01 AM,C,-3.505
1/11/15 7:00:01 AM,C,-3.505
1/11/15 9:00:01 AM,C,-4.008
1/11/15 11:00:01 AM,C,-3.505
1/11/15 1:00:01 PM,C,-3.003
1/11/15 3:00:01 PM,C,-3.003
1/11/15 5:00:01 PM,C,-3.003
1/11/15 7:00:01 PM,C,-4.51
1/11/15 9:00:01 PM,C,-5.516
1/11/15 11:00:01 PM,C,-6.521
1/12/15 1:00:01 AM,C,-7.527
1/12/15 3:00:01 AM,C,-7.527
1/12/15 5:00:01 AM,C,-7.527
1/12/15 7:00:01 AM,C,-7.527
1/12/15 9:00:01 AM,C,-7.527
1/12/15 11:00:01 AM,C,-3.003
1/12/15 1:00:01 PM,C,-1.495
1/12/15 3:00:01 PM,C,-1.998
1/12/15 5:00:01 PM,C,-3.003
1/12/15 7:00:01 PM,C,-3.505
1/12/15 9:00:01 PM,C,-3.505
1/12/15 11:00:01 PM,C,-3.505
1/13/15 1:00:01 AM,C,-4.008
1/13/15 3:00:01 AM,C,-4.008
1/13/15 5:00:01 AM,C,-4.008
1/13/15 7:00:01 AM,C,-4.008
1/13/15 9:00:01 AM,C,-4.51
1/13/15 11:00:01 AM,C,-3.505
1/13/15 1:00:01 PM,C,-2.5
1/13/15 3:00:01 PM,C,-2.5
1/13/15 5:00:01 PM,C,-2.5
1/13/15 7:00:01 PM,C,-4.008
1/13/15 9:00:01 PM,C,-5.013
1/13/15 11:00:01 PM,C,-6.521
1/14/15 1:00:01 AM,C,-6.019
1/14/15 3:00:01 AM,C,-5.516
1/14/15 5:00:01 AM,C,-6.521
1/14/15 7:00:01 AM,C,-6.521
1/14/15 9:00:01 AM,C,-7.527
1/14/15 11:00:01 AM,C,-4.008
1/14/15 1:00:01 PM,C,-3.505
1/14/15 3:00:01 PM,C,-3.003
1/14/15 5:00:01 PM,C,-2.5
1/14/15 7:00:01 PM,C,-5.013
1/14/15 9:00:01 PM,C,-5.516
1/14/15 11:00:01 PM,C,-5.516
1/15/15 1:00:01 AM,C,-8.03
1/15/15 3:00:01 AM,C,-5.013
1/15/15 5:00:01 AM,C,-8.03
1/15/15 7:00:01 AM,C,-7.024
1/15/15 9:00:01 AM,C,-7.024
1/15/15 11:00:01 AM,C,0.514
1/15/15 1:00:01 PM,C,4.028
1/15/15 3:00:01 PM,C,4.53
1/15/15 5:00:01 PM,C,3.025
1/15/15 7:00:01 PM,C,-1.998
1/15/15 9:00:01 PM,C,-3.505
1/15/15 11:00:01 PM,C,-3.505
1/16/15 1:00:01 AM,C,-3.505
1/16/15 3:00:01 AM,C,-3.505
1/16/15 5:00:01 AM,C,-4.51
1/16/15 7:00:01 AM,C,-4.51
1/16/15 9:00:01 AM,C,-5.013
1/16/15 11:00:01 AM,C,1.518
1/16/15 1:00:01 PM,C,3.527
1/16/15 3:00:01 PM,C,4.53
1/16/15 5:00:01 PM,C,2.021
1/16/15 7:00:01 PM,C,-1.998
1/16/15 9:00:01 PM,C,-1.998
1/16/15 11:00:01 PM,C,-3.505
1/17/15 1:00:01 AM,C,-1.998
1/17/15 3:00:01 AM,C,-3.003
1/17/15 5:00:01 AM,C,-3.505
1/17/15 7:00:01 AM,C,-4.51
1/17/15 9:00:01 AM,C,-5.013
1/17/15 11:00:01 AM,C,0.012
1/17/15 1:00:01 PM,C,3.025
1/17/15 3:00:01 PM,C,2.021
1/17/15 5:00:01 PM,C,3.527
1/17/15 7:00:01 PM,C,-2.5
1/17/15 9:00:01 PM,C,-2.5
1/17/15 11:00:01 PM,C,-3.505
1/18/15 1:00:01 AM,C,-3.505
1/18/15 3:00:01 AM,C,-4.008
1/18/15 5:00:01 AM,C,-4.51
1/18/15 7:00:01 AM,C,-5.013
1/18/15 9:00:01 AM,C,-1.998
1/18/15 11:00:01 AM,C,2.021
1/18/15 1:00:01 PM,C,3.025
1/18/15 3:00:01 PM,C,5.032
1/18/15 5:00:01 PM,C,3.025
1/18/15 7:00:01 PM,C,-0.49
1/18/15 9:00:01 PM,C,-0.49
1/18/15 11:00:01 PM,C,-0.49
1/19/15 1:00:01 AM,C,-1.495
1/19/15 3:00:01 AM,C,-2.5
1/19/15 5:00:01 AM,C,-3.003
1/19/15 7:00:01 AM,C,-3.003
1/19/15 9:00:01 AM,C,-0.993
1/19/15 11:00:01 AM,C,2.523
1/19/15 1:00:01 PM,C,4.028
1/19/15 3:00:01 PM,C,4.028
1/19/15 5:00:01 PM,C,1.518
1/19/15 7:00:01 PM,C,-1.495
1/19/15 9:00:01 PM,C,-3.003
1/19/15 11:00:01 PM,C,-3.505
1/20/15 1:00:01 AM,C,-4.008
1/20/15 3:00:01 AM,C,-4.51
1/20/15 5:00:01 AM,C,-5.013
1/20/15 7:00:01 AM,C,-5.516
1/20/15 9:00:01 AM,C,-6.521
1/20/15 11:00:01 AM,C,-1.998
1/20/15 1:00:01 PM,C,0.514
1/20/15 3:00:01 PM,C,0.514
1/20/15 5:00:01 PM,C,-1.495
1/20/15 7:00:01 PM,C,-3.505
1/20/15 9:00:01 PM,C,-5.013
1/20/15 11:00:01 PM,C,-5.516
1/21/15 1:00:01 AM,C,-6.019
1/21/15 3:00:01 AM,C,-6.521
1/21/15 5:00:01 AM,C,-6.521
1/21/15 7:00:01 AM,C,-6.521
1/21/15 9:00:01 AM,C,-7.024
1/21/15 11:00:01 AM,C,-4.51
1/21/15 1:00:01 PM,C,-3.003
1/21/15 3:00:01 PM,C,-1.998
1/21/15 5:00:01 PM,C,-2.5
1/21/15 7:00:01 PM,C,-7.527
1/21/15 9:00:01 PM,C,-10.546
1/21/15 11:00:01 PM,C,-12.559
1/22/15 1:00:01 AM,C,-12.055
1/22/15 3:00:01 AM,C,-11.552
1/22/15 5:00:01 AM,C,-12.055
1/22/15 7:00:01 AM,C,-12.559
1/22/15 9:00:01 AM,C,-15.076
1/22/15 11:00:01 AM,C,-9.036
1/22/15 1:00:01 PM,C,-7.024
1/22/15 3:00:01 PM,C,-6.521
1/22/15 5:00:01 PM,C,-6.019
1/22/15 7:00:01 PM,C,-9.539
1/22/15 9:00:01 PM,C,-9.539
1/22/15 11:00:01 PM,C,-6.521
1/23/15 1:00:01 AM,C,-8.533
1/23/15 3:00:01 AM,C,-7.527
1/23/15 5:00:01 AM,C,-5.516
1/23/15 7:00:01 AM,C,-3.505
1/23/15 9:00:01 AM,C,-3.505
1/23/15 11:00:01 AM,C,1.016
1/23/15 1:00:01 PM,C,2.523
1/23/15 3:00:01 PM,C,1.016
1/23/15 5:00:01 PM,C,0.514
1/23/15 7:00:01 PM,C,-3.003
1/23/15 9:00:01 PM,C,-3.505
1/23/15 11:00:01 PM,C,-3.003
1/24/15 1:00:01 AM,C,-5.013
1/24/15 3:00:01 AM,C,-5.516
1/24/15 5:00:01 AM,C,-5.013
1/24/15 7:00:01 AM,C,-4.51
1/24/15 9:00:01 AM,C,-4.008
1/24/15 11:00:01 AM,C,0.514
1/24/15 1:00:01 PM,C,2.021
1/24/15 3:00:01 PM,C,2.021
1/24/15 5:00:01 PM,C,3.025
1/24/15 7:00:01 PM,C,0.514
1/24/15 9:00:01 PM,C,2.021
1/24/15 11:00:01 PM,C,1.518
1/25/15 1:00:01 AM,C,1.518
1/25/15 3:00:01 AM,C,2.523
1/25/15 5:00:01 AM,C,1.518
1/25/15 7:00:01 AM,C,3.025
1/25/15 9:00:01 AM,C,1.016
1/25/15 11:00:01 AM,C,5.032
1/25/15 1:00:01 PM,C,7.039
1/25/15 3:00:01 PM,C,7.541
1/25/15 5:00:01 PM,C,7.039
1/25/15 7:00:01 PM,C,2.523
1/25/15 9:00:01 PM,C,2.523
1/25/15 11:00:01 PM,C,3.025
1/26/15 1:00:01 AM,C,0.514
1/26/15 3:00:01 AM,C,1.016
1/26/15 5:00:01 AM,C,1.016
1/26/15 7:00:01 AM,C,0.514
1/26/15 9:00:01 AM,C,1.016
1/26/15 11:00:01 AM,C,7.541
1/26/15 1:00:01 PM,C,11.552
1/26/15 3:00:01 PM,C,12.053
1/26/15 5:00:01 PM,C,9.547
1/26/15 7:00:01 PM,C,3.025
1/26/15 9:00:01 PM,C,1.518
1/26/15 11:00:01 PM,C,0.514
1/27/15 1:00:01 AM,C,0.514
1/27/15 3:00:01 AM,C,1.016
1/27/15 5:00:01 AM,C,1.518
1/27/15 7:00:01 AM,C,1.016
1/27/15 9:00:01 AM,C,0.514
1/27/15 11:00:01 AM,C,6.036
1/27/15 1:00:01 PM,C,3.527
1/27/15 3:00:01 PM,C,1.518
1/27/15 5:00:01 PM,C,5.032
1/27/15 7:00:01 PM,C,0.514
1/27/15 9:00:01 PM,C,-1.998
1/27/15 11:00:01 PM,C,-1.495
1/28/15 1:00:01 AM,C,-0.49
1/28/15 3:00:01 AM,C,-1.495
1/28/15 5:00:01 AM,C,-1.495
1/28/15 7:00:01 AM,C,-2.5
1/28/15 9:00:01 AM,C,-2.5
1/28/15 11:00:01 AM,C,-0.49
1/28/15 1:00:01 PM,C,0.514
1/28/15 3:00:01 PM,C,3.025
1/28/15 5:00:01 PM,C,2.021
1/28/15 7:00:01 PM,C,-1.495
1/28/15 9:00:01 PM,C,-3.003
1/28/15 11:00:01 PM,C,-3.003
1/29/15 1:00:01 AM,C,-3.003
1/29/15 3:00:01 AM,C,-2.5
1/29/15 5:00:01 AM,C,-3.003
1/29/15 7:00:01 AM,C,-3.505
1/29/15 9:00:01 AM,C,-2.5
1/29/15 11:00:01 AM,C,0.514
1/29/15 1:00:01 PM,C,2.021
1/29/15 3:00:01 PM,C,3.025
1/29/15 5:00:01 PM,C,0.514
1/29/15 7:00:01 PM,C,-1.495
1/29/15 9:00:01 PM,C,-0.993
1/29/15 11:00:01 PM,C,-1.998
1/30/15 1:00:01 AM,C,-1.998
1/30/15 3:00:01 AM,C,-1.998
1/30/15 5:00:01 AM,C,-3.003
1/30/15 7:00:01 AM,C,-3.003
1/30/15 9:00:01 AM,C,-1.998
1/30/15 11:00:01 AM,C,-1.998
1/30/15 1:00:01 PM,C,-0.49
1/30/15 3:00:01 PM,C,-0.993
1/30/15 5:00:01 PM,C,-0.49
1/30/15 7:00:01 PM,C,-1.495
1/30/15 9:00:01 PM,C,-1.998
1/30/15 11:00:01 PM,C,-1.998
1/31/15 1:00:01 AM,C,-1.998
1/31/15 3:00:01 AM,C,-2.5
1/31/15 5:00:01 AM,C,-3.003
1/31/15 7:00:01 AM,C,-3.003
1/31/15 9:00:01 AM,C,-3.003
1/31/15 11:00:01 AM,C,-3.003
1/31/15 1:00:01 PM,C,-1.998
1/31/15 3:00:01 PM,C,-2.5
1/31/15 5:00:01 PM,C,-2.5
1/31/15 7:00:01 PM,C,-3.505
1/31/15 9:00:01 PM,C,-4.51
1/31/15 11:00:01 PM,C,-4.51
2/1/15 1:00:01 AM,C,-4.51
2/1/15 3:00:01 AM,C,-3.505
2/1/15 5:00:01 AM,C,-4.008
2/1/15 7:00:01 AM,C,-5.013
2/1/15 9:00:01 AM,C,-5.013
2/1/15 11:00:01 AM,C,-2.5
2/1/15 1:00:01 PM,C,0.012
2/1/15 3:00:01 PM,C,0.012
2/1/15 5:00:01 PM,C,1.016
2/1/15 7:00:01 PM,C,-2.5
2/1/15 9:00:01 PM,C,-4.008
2/1/15 11:00:01 PM,C,-5.013
2/2/15 1:00:01 AM,C,-5.013
2/2/15 3:00:01 AM,C,-4.51
2/2/15 5:00:01 AM,C,-4.008
2/2/15 7:00:01 AM,C,-6.019
2/2/15 9:00:01 AM,C,-4.008
2/2/15 11:00:01 AM,C,-0.993
2/2/15 1:00:01 PM,C,1.016
2/2/15 3:00:01 PM,C,1.016
2/2/15 5:00:01 PM,C,1.518
2/2/15 7:00:01 PM,C,-1.998
2/2/15 9:00:01 PM,C,-3.505
2/2/15 11:00:01 PM,C,-3.003
2/3/15 1:00:01 AM,C,-3.003
2/3/15 3:00:01 AM,C,-3.003
2/3/15 5:00:01 AM,C,-2.5
2/3/15 7:00:01 AM,C,-3.003
2/3/15 9:00:01 AM,C,-4.51
2/3/15 11:00:01 AM,C,0.514
2/3/15 1:00:01 PM,C,3.025
2/3/15 3:00:01 PM,C,3.025
2/3/15 5:00:01 PM,C,2.523
2/3/15 7:00:01 PM,C,-0.49
2/3/15 9:00:01 PM,C,-1.495
2/3/15 11:00:01 PM,C,-1.998
2/4/15 1:00:01 AM,C,-1.998
2/4/15 3:00:01 AM,C,-1.998
2/4/15 5:00:01 AM,C,-1.998
2/4/15 7:00:01 AM,C,-1.998
2/4/15 9:00:01 AM,C,-1.998
2/4/15 11:00:01 AM,C,1.016
2/4/15 1:00:01 PM,C,3.025
2/4/15 3:00:01 PM,C,3.025
2/4/15 5:00:01 PM,C,2.021
2/4/15 7:00:01 PM,C,-0.49
2/4/15 9:00:01 PM,C,-1.495
2/4/15 11:00:01 PM,C,-0.993
2/5/15 1:00:01 AM,C,-0.993
2/5/15 3:00:01 AM,C,-0.993
2/5/15 5:00:01 AM,C,-0.993
2/5/15 7:00:01 AM,C,-0.49
2/5/15 9:00:01 AM,C,-0.49
2/5/15 11:00:01 AM,C,3.527
2/5/15 1:00:01 PM,C,6.036
2/5/15 3:00:01 PM,C,6.537
2/5/15 5:00:01 PM,C,5.534
2/5/15 7:00:01 PM,C,1.016
2/5/15 9:00:01 PM,C,0.012
2/5/15 11:00:01 PM,C,-0.993
2/6/15 1:00:01 AM,C,-0.49
2/6/15 3:00:01 AM,C,0.012
2/6/15 5:00:01 AM,C,-0.49
2/6/15 7:00:01 AM,C,-0.993
2/6/15 9:00:01 AM,C,-0.49
2/6/15 11:00:01 AM,C,6.036
2/6/15 1:00:01 PM,C,7.541
2/6/15 3:00:01 PM,C,8.042
2/6/15 5:00:01 PM,C,8.544
2/6/15 7:00:01 PM,C,3.025
2/6/15 9:00:01 PM,C,1.016
2/6/15 11:00:01 PM,C,-0.49
2/7/15 1:00:01 AM,C,-0.49
2/7/15 3:00:01 AM,C,-0.993
2/7/15 5:00:01 AM,C,-1.998
2/7/15 7:00:01 AM,C,-1.495
2/7/15 9:00:01 AM,C,-1.998
2/7/15 11:00:01 AM,C,3.527
2/7/15 1:00:01 PM,C,5.534
2/7/15 3:00:01 PM,C,7.541
2/7/15 5:00:01 PM,C,5.534
2/7/15 7:00:01 PM,C,2.021
2/7/15 9:00:01 PM,C,0.012
2/7/15 11:00:01 PM,C,-0.993
2/8/15 1:00:01 AM,C,-1.495
2/8/15 3:00:01 AM,C,-1.998
2/8/15 5:00:01 AM,C,-2.5
2/8/15 7:00:01 AM,C,-2.5
2/8/15 9:00:01 AM,C,0.012
2/8/15 11:00:01 AM,C,3.527
2/8/15 1:00:01 PM,C,7.541
2/8/15 3:00:01 PM,C,8.042
2/8/15 5:00:01 PM,C,8.042
2/8/15 7:00:01 PM,C,3.527
2/8/15 9:00:01 PM,C,-0.49
2/8/15 11:00:01 PM,C,-0.49
2/9/15 1:00:01 AM,C,-1.495
2/9/15 3:00:01 AM,C,-1.495
2/9/15 5:00:01 AM,C,-1.495
2/9/15 7:00:01 AM,C,-2.5
2/9/15 9:00:01 AM,C,-1.495
2/9/15 11:00:01 AM,C,3.025
2/9/15 1:00:01 PM,C,6.537
2/9/15 3:00:01 PM,C,7.039
2/9/15 5:00:01 PM,C,6.537
2/9/15 7:00:01 PM,C,2.523
2/9/15 9:00:01 PM,C,-0.49
2/9/15 11:00:01 PM,C,-0.993
2/10/15 1:00:01 AM,C,-0.993
2/10/15 3:00:01 AM,C,-1.495
2/10/15 5:00:01 AM,C,-1.495
2/10/15 7:00:01 AM,C,-1.998
2/10/15 9:00:01 AM,C,-1.998
2/10/15 11:00:01 AM,C,3.025
2/10/15 1:00:01 PM,C,5.032
2/10/15 3:00:01 PM,C,5.032
2/10/15 5:00:01 PM,C,4.53
2/10/15 7:00:01 PM,C,1.016
2/10/15 9:00:01 PM,C,-0.993
2/10/15 11:00:01 PM,C,-1.998
2/11/15 1:00:01 AM,C,-2.5
2/11/15 3:00:01 AM,C,-2.5
2/11/15 5:00:01 AM,C,-3.003
2/11/15 7:00:01 AM,C,-3.505
2/11/15 9:00:01 AM,C,-3.505
2/11/15 11:00:01 AM,C,0.514
2/11/15 1:00:01 PM,C,0.514
2/11/15 3:00:01 PM,C,-2.5
2/11/15 5:00:01 PM,C,0.514
2/11/15 7:00:01 PM,C,-0.993
2/11/15 9:00:01 PM,C,-3.505
2/11/15 11:00:01 PM,C,-5.013
2/12/15 1:00:01 AM,C,-4.51
2/12/15 3:00:01 AM,C,-4.51
2/12/15 5:00:01 AM,C,-5.516
2/12/15 7:00:01 AM,C,-4.008
2/12/15 9:00:01 AM,C,-3.003
2/12/15 11:00:01 AM,C,3.025
2/12/15 1:00:01 PM,C,4.53
2/12/15 3:00:01 PM,C,4.53
2/12/15 5:00:01 PM,C,3.025
2/12/15 7:00:01 PM,C,0.514
2/12/15 9:00:01 PM,C,0.514
2/12/15 11:00:01 PM,C,3.025
2/13/15 1:00:01 AM,C,2.523
2/13/15 3:00:01 AM,C,2.021
2/13/15 5:00:01 AM,C,2.021
2/13/15 7:00:01 AM,C,-0.993
2/13/15 9:00:01 AM,C,0.514
2/13/15 11:00:01 AM,C,5.534
2/13/15 1:00:01 PM,C,8.042
2/13/15 3:00:01 PM,C,8.544
2/13/15 5:00:01 PM,C,9.045
2/13/15 7:00:01 PM,C,4.028
2/13/15 9:00:01 PM,C,2.021
2/13/15 11:00:01 PM,C,2.021
2/14/15 1:00:01 AM,C,2.021
2/14/15 3:00:01 AM,C,1.016
2/14/15 5:00:01 AM,C,1.016
2/14/15 7:00:01 AM,C,-0.49
2/14/15 9:00:01 AM,C,0.012
2/14/15 11:00:01 AM,C,6.537
2/14/15 1:00:01 PM,C,8.544
2/14/15 3:00:01 PM,C,10.048
2/14/15 5:00:01 PM,C,9.547
2/14/15 7:00:01 PM,C,5.534
2/14/15 9:00:01 PM,C,0.514
2/14/15 11:00:01 PM,C,1.016
2/15/15 1:00:01 AM,C,1.016
2/15/15 3:00:01 AM,C,0.012
2/15/15 5:00:01 AM,C,-0.993
2/15/15 7:00:01 AM,C,-0.993
2/15/15 9:00:01 AM,C,-0.993
2/15/15 11:00:01 AM,C,4.53
2/15/15 1:00:01 PM,C,6.036
2/15/15 3:00:01 PM,C,4.53
2/15/15 5:00:01 PM,C,2.523
2/15/15 7:00:01 PM,C,-0.993
2/15/15 9:00:01 PM,C,-3.505
2/15/15 11:00:01 PM,C,-4.008
2/16/15 1:00:01 AM,C,-5.013
2/16/15 3:00:01 AM,C,-6.019
2/16/15 5:00:01 AM,C,-6.521
2/16/15 7:00:01 AM,C,-7.024
2/16/15 9:00:01 AM,C,-7.024
2/16/15 11:00:01 AM,C,-4.51
2/16/15 1:00:01 PM,C,-4.008
2/16/15 3:00:01 PM,C,-7.024
2/16/15 5:00:01 PM,C,-6.521
2/16/15 7:00:01 PM,C,-9.036
2/16/15 9:00:01 PM,C,-10.546
2/16/15 11:00:01 PM,C,-11.049
2/17/15 1:00:01 AM,C,-12.055
2/17/15 3:00:01 AM,C,-12.559
2/17/15 5:00:01 AM,C,-11.049
2/17/15 7:00:01 AM,C,-11.049
2/17/15 9:00:01 AM,C,-10.042
2/17/15 11:00:01 AM,C,-6.521
2/17/15 1:00:01 PM,C,-4.008
2/17/15 3:00:01 PM,C,-3.505
2/17/15 5:00:01 PM,C,-3.505
2/17/15 7:00:01 PM,C,-5.516
2/17/15 9:00:01 PM,C,-6.019
2/17/15 11:00:01 PM,C,-5.516
2/18/15 1:00:01 AM,C,-4.51
2/18/15 3:00:01 AM,C,-4.008
2/18/15 5:00:01 AM,C,-3.505
2/18/15 7:00:01 AM,C,-2.5
2/18/15 9:00:01 AM,C,-0.993
2/18/15 11:00:01 AM,C,3.527
2/18/15 1:00:01 PM,C,5.032
2/18/15 3:00:01 PM,C,6.036
2/18/15 5:00:01 PM,C,5.534
2/18/15 7:00:01 PM,C,3.025
2/18/15 9:00:01 PM,C,0.012
2/18/15 11:00:01 PM,C,0.514
2/19/15 1:00:01 AM,C,-1.495
2/19/15 3:00:01 AM,C,-0.49
2/19/15 5:00:01 AM,C,-1.998
2/19/15 7:00:01 AM,C,-3.003
2/19/15 9:00:01 AM,C,-0.993
2/19/15 11:00:01 AM,C,3.527
2/19/15 1:00:01 PM,C,5.534
2/19/15 3:00:01 PM,C,6.537
2/19/15 5:00:01 PM,C,5.032
2/19/15 7:00:01 PM,C,2.021
2/19/15 9:00:01 PM,C,0.012
2/19/15 11:00:01 PM,C,-0.49
2/20/15 1:00:01 AM,C,-2.5
2/20/15 3:00:01 AM,C,-2.5
2/20/15 5:00:01 AM,C,-3.003
2/20/15 7:00:01 AM,C,-3.003
2/20/15 9:00:01 AM,C,-1.998
2/20/15 11:00:01 AM,C,1.016
2/20/15 1:00:01 PM,C,3.025
2/20/15 3:00:01 PM,C,4.53
2/20/15 5:00:01 PM,C,1.518
2/20/15 7:00:01 PM,C,-1.495
2/20/15 9:00:01 PM,C,-3.505
2/20/15 11:00:01 PM,C,-4.008
2/21/15 1:00:01 AM,C,-4.008
2/21/15 3:00:01 AM,C,-4.51
2/21/15 5:00:01 AM,C,-5.516
2/21/15 7:00:01 AM,C,-7.024
2/21/15 9:00:01 AM,C,-6.019
2/21/15 11:00:01 AM,C,-4.51
2/21/15 1:00:01 PM,C,-3.003
2/21/15 3:00:01 PM,C,-4.51
2/21/15 5:00:01 PM,C,-4.51
2/21/15 7:00:01 PM,C,-5.013
2/21/15 9:00:01 PM,C,-6.019
2/21/15 11:00:01 PM,C,-5.516
2/22/15 1:00:01 AM,C,-7.024
2/22/15 3:00:01 AM,C,-7.024
2/22/15 5:00:01 AM,C,-7.024
2/22/15 7:00:01 AM,C,-7.024
2/22/15 9:00:01 AM,C,-6.019
2/22/15 11:00:01 AM,C,-5.013
2/22/15 1:00:01 PM,C,-5.013
2/22/15 3:00:01 PM,C,-4.008
2/22/15 5:00:01 PM,C,-3.505
2/22/15 7:00:01 PM,C,-4.008
2/22/15 9:00:01 PM,C,-4.008
2/22/15 11:00:01 PM,C,-4.51
2/23/15 1:00:01 AM,C,-5.013
2/23/15 3:00:01 AM,C,-4.51
2/23/15 5:00:01 AM,C,-5.013
2/23/15 7:00:01 AM,C,-5.013
2/23/15 9:00:01 AM,C,-4.51
2/23/15 11:00:01 AM,C,-4.51
2/23/15 1:00:01 PM,C,-4.008
2/23/15 3:00:01 PM,C,-4.008
2/23/15 5:00:01 PM,C,-3.505
2/23/15 7:00:01 PM,C,-5.516
2/23/15 9:00:01 PM,C,-6.521
2/23/15 11:00:01 PM,C,-6.019
2/24/15 1:00:01 AM,C,-7.527
2/24/15 3:00:01 AM,C,-8.533
2/24/15 5:00:01 AM,C,-8.533
2/24/15 7:00:01 AM,C,-6.521
2/24/15 9:00:01 AM,C,-6.521
2/24/15 11:00:01 AM,C,-3.003
2/24/15 1:00:01 PM,C,-1.998
2/24/15 3:00:01 PM,C,-1.495
2/24/15 5:00:01 PM,C,-4.008
2/24/15 7:00:01 PM,C,-4.51
2/24/15 9:00:01 PM,C,-6.521
2/24/15 11:00:01 PM,C,-7.527
2/25/15 1:00:01 AM,C,-7.024
2/25/15 3:00:01 AM,C,-7.024
2/25/15 5:00:01 AM,C,-6.019
2/25/15 7:00:01 AM,C,-6.521
2/25/15 9:00:01 AM,C,-6.019
2/25/15 11:00:01 AM,C,-4.008
2/25/15 1:00:01 PM,C,-2.5
2/25/15 3:00:01 PM,C,-4.51
2/25/15 5:00:01 PM,C,-5.013
2/25/15 7:00:01 PM,C,-5.516
2/25/15 9:00:01 PM,C,-7.024
2/25/15 11:00:01 PM,C,-7.024
2/26/15 1:00:01 AM,C,-8.03
2/26/15 3:00:01 AM,C,-9.036
2/26/15 5:00:01 AM,C,-10.546
2/26/15 7:00:01 AM,C,-10.546
2/26/15 9:00:01 AM,C,-9.036
2/26/15 11:00:01 AM,C,-5.013
2/26/15 1:00:01 PM,C,-3.505
2/26/15 3:00:01 PM,C,-3.505
2/26/15 5:00:01 PM,C,-5.013
2/26/15 7:00:01 PM,C,-8.03
2/26/15 9:00:01 PM,C,-8.03
2/26/15 11:00:01 PM,C,-8.03
2/27/15 1:00:01 AM,C,-8.533
2/27/15 3:00:01 AM,C,-10.042
2/27/15 5:00:01 AM,C,-11.552
2/27/15 7:00:01 AM,C,-11.552
2/27/15 9:00:01 AM,C,-10.546
2/27/15 11:00:01 AM,C,-7.024
2/27/15 1:00:01 PM,C,-7.024
2/27/15 3:00:01 PM,C,-7.024
2/27/15 5:00:01 PM,C,-6.019
2/27/15 7:00:01 PM,C,-8.03
2/27/15 9:00:01 PM,C,-9.036
2/27/15 11:00:01 PM,C,-9.036
2/28/15 1:00:01 AM,C,-9.539
2/28/15 3:00:01 AM,C,-9.036
2/28/15 5:00:01 AM,C,-9.539
2/28/15 7:00:01 AM,C,-8.533
2/28/15 9:00:01 AM,C,-8.03
2/28/15 11:00:01 AM,C,-6.521
2/28/15 1:00:01 PM,C,-5.516
2/28/15 3:00:01 PM,C,-5.516
2/28/15 5:00:01 PM,C,-5.013
2/28/15 7:00:01 PM,C,-5.516
2/28/15 9:00:01 PM,C,-6.019
2/28/15 11:00:01 PM,C,-6.019
3/1/15 1:00:01 AM,C,-6.019
3/1/15 3:00:01 AM,C,-6.019
3/1/15 5:00:01 AM,C,-6.521
3/1/15 7:00:01 AM,C,-6.521
3/1/15 9:00:01 AM,C,-6.019
3/1/15 11:00:01 AM,C,-3.505
3/1/15 1:00:01 PM,C,-1.495
3/1/15 3:00:01 PM,C,-1.495
3/1/15 5:00:01 PM,C,-1.998
3/1/15 7:00:01 PM,C,-2.5
3/1/15 9:00:01 PM,C,-1.998
3/1/15 11:00:01 PM,C,-1.495
3/2/15 1:00:01 AM,C,-1.495
3/2/15 3:00:01 AM,C,-0.993
3/2/15 5:00:01 AM,C,-1.495
3/2/15 7:00:01 AM,C,-1.998
3/2/15 9:00:01 AM,C,-1.495
3/2/15 11:00:01 AM,C,-0.49
3/2/15 1:00:01 PM,C,2.021
3/2/15 3:00:01 PM,C,1.016
3/2/15 5:00:01 PM,C,-0.49
3/2/15 7:00:01 PM,C,-4.008
3/2/15 9:00:01 PM,C,-6.521
3/2/15 11:00:01 PM,C,-7.527
3/3/15 1:00:01 AM,C,-8.03
3/3/15 3:00:01 AM,C,-8.533
3/3/15 5:00:01 AM,C,-9.036
3/3/15 7:00:01 AM,C,-9.036
3/3/15 9:00:01 AM,C,-9.036
3/3/15 11:00:01 AM,C,-6.521
3/3/15 1:00:01 PM,C,-6.521
3/3/15 3:00:01 PM,C,-7.024
3/3/15 5:00:01 PM,C,-8.03
3/3/15 7:00:01 PM,C,-8.533
3/3/15 9:00:01 PM,C,-8.533
3/3/15 11:00:01 PM,C,-9.036
3/4/15 1:00:01 AM,C,-9.539
3/4/15 3:00:01 AM,C,-9.539
3/4/15 5:00:01 AM,C,-10.042
3/4/15 7:00:01 AM,C,-10.546
3/4/15 9:00:01 AM,C,-11.049
3/4/15 11:00:01 AM,C,-8.03
3/4/15 1:00:01 PM,C,-6.521
3/4/15 3:00:01 PM,C,-5.516
3/4/15 5:00:01 PM,C,-7.527
3/4/15 7:00:01 PM,C,-10.042
3/4/15 9:00:01 PM,C,-12.055
3/4/15 11:00:01 PM,C,-13.062
3/5/15 1:00:01 AM,C,-11.552
3/5/15 3:00:01 AM,C,-12.055
3/5/15 5:00:01 AM,C,-13.062
3/5/15 7:00:01 AM,C,-11.049
3/5/15 9:00:01 AM,C,-9.036
3/5/15 11:00:01 AM,C,-4.008
3/5/15 1:00:01 PM,C,-1.998
3/5/15 3:00:01 PM,C,-0.993
3/5/15 5:00:01 PM,C,-0.993
3/5/15 7:00:01 PM,C,-3.003
3/5/15 9:00:01 PM,C,-6.019
3/5/15 11:00:01 PM,C,-5.516
3/6/15 1:00:01 AM,C,-6.521
3/6/15 3:00:01 AM,C,-7.527
3/6/15 5:00:01 AM,C,-6.521
3/6/15 7:00:01 AM,C,-7.024
3/6/15 9:00:01 AM,C,-3.505
3/6/15 11:00:01 AM,C,1.518
3/6/15 1:00:01 PM,C,3.025
3/6/15 3:00:01 PM,C,4.028
3/6/15 5:00:01 PM,C,3.527
3/6/15 7:00:01 PM,C,0.514
3/6/15 9:00:01 PM,C,-1.998
3/6/15 11:00:01 PM,C,-2.5
3/7/15 1:00:01 AM,C,-2.5
3/7/15 3:00:01 AM,C,-3.003
3/7/15 5:00:01 AM,C,-3.505
3/7/15 7:00:01 AM,C,-3.505
3/7/15 9:00:01 AM,C,-2.5
3/7/15 11:00:01 AM,C,3.025
3/7/15 1:00:01 PM,C,4.53
3/7/15 3:00:01 PM,C,5.032
3/7/15 5:00:01 PM,C,5.032
3/7/15 7:00:01 PM,C,2.021
3/7/15 9:00:01 PM,C,-2.5
3/7/15 11:00:01 PM,C,-2.5
3/8/15 1:00:01 AM,C,-3.505
3/8/15 3:00:01 AM,C,-4.51
3/8/15 5:00:01 AM,C,-4.008
3/8/15 7:00:01 AM,C,-5.013
3/8/15 9:00:01 AM,C,-3.003
3/8/15 11:00:01 AM,C,2.523
3/8/15 1:00:01 PM,C,3.527
3/8/15 3:00:01 PM,C,4.53
3/8/15 5:00:01 PM,C,4.53
3/8/15 7:00:01 PM,C,1.518
3/8/15 9:00:01 PM,C,-1.495
3/8/15 11:00:01 PM,C,-1.495
3/9/15 1:00:01 AM,C,-1.495
3/9/15 3:00:01 AM,C,-3.505
3/9/15 5:00:01 AM,C,-3.505
3/9/15 7:00:01 AM,C,-4.008
3/9/15 9:00:01 AM,C,-1.998
3/9/15 11:00:01 AM,C,1.518
3/9/15 1:00:01 PM,C,2.021
3/9/15 3:00:01 PM,C,4.028
3/9/15 5:00:01 PM,C,3.527
3/9/15 7:00:01 PM,C,1.518
3/9/15 9:00:01 PM,C,-1.495
3/9/15 11:00:01 PM,C,-2.5
3/10/15 1:00:01 AM,C,-2.5
3/10/15 3:00:01 AM,C,-1.998
3/10/15 5:00:01 AM,C,-4.008
3/10/15 7:00:01 AM,C,-3.003
3/10/15 9:00:01 AM,C,-1.998
3/10/15 11:00:01 AM,C,3.025
3/10/15 1:00:01 PM,C,5.032
3/10/15 3:00:01 PM,C,5.534
3/10/15 5:00:01 PM,C,6.036
3/10/15 7:00:01 PM,C,3.527
3/10/15 9:00:01 PM,C,0.012
3/10/15 11:00:01 PM,C,0.514
3/11/15 1:00:01 AM,C,-0.49
3/11/15 3:00:01 AM,C,-1.998
3/11/15 5:00:01 AM,C,-1.495
3/11/15 7:00:01 AM,C,-1.495
3/11/15 9:00:01 AM,C,1.518
3/11/15 11:00:01 AM,C,4.53
3/11/15 1:00:01 PM,C,6.537
3/11/15 3:00:01 PM,C,6.036
3/11/15 5:00:01 PM,C,5.534
3/11/15 7:00:01 PM,C,3.527
3/11/15 9:00:01 PM,C,0.514
3/11/15 11:00:01 PM,C,0.514
3/12/15 1:00:01 AM,C,0.012
3/12/15 3:00:01 AM,C,-0.49
3/12/15 5:00:01 AM,C,0.012
3/12/15 7:00:01 AM,C,-0.49
3/12/15 9:00:01 AM,C,1.518
3/12/15 11:00:01 AM,C,3.025
3/12/15 1:00:01 PM,C,5.032
3/12/15 3:00:01 PM,C,2.523
3/12/15 5:00:01 PM,C,0.514
3/12/15 7:00:01 PM,C,-0.49
3/12/15 9:00:01 PM,C,-0.993
3/12/15 11:00:01 PM,C,-0.993
3/13/15 1:00:01 AM,C,-0.49
3/13/15 3:00:01 AM,C,-0.49
3/13/15 5:00:01 AM,C,-0.993
3/13/15 7:00:01 AM,C,-0.49
3/13/15 9:00:01 AM,C,1.016
3/13/15 11:00:01 AM,C,2.523
3/13/15 1:00:01 PM,C,0.514
3/13/15 3:00:01 PM,C,2.021
3/13/15 5:00:01 PM,C,0.012
3/13/15 7:00:01 PM,C,0.514
3/13/15 9:00:01 PM,C,-0.49
3/13/15 11:00:01 PM,C,-1.495
3/14/15 1:00:01 AM,C,-3.003
3/14/15 3:00:01 AM,C,-3.003
3/14/15 5:00:01 AM,C,-1.998
3/14/15 7:00:01 AM,C,-2.5
3/14/15 9:00:01 AM,C,-0.993
3/14/15 11:00:01 AM,C,3.025
3/14/15 1:00:01 PM,C,5.534
3/14/15 3:00:01 PM,C,7.541
3/14/15 5:00:01 PM,C,6.036
3/14/15 7:00:01 PM,C,4.028
3/14/15 9:00:01 PM,C,0.514
3/14/15 11:00:01 PM,C,0.514
3/15/15 1:00:01 AM,C,1.518
3/15/15 3:00:01 AM,C,0.012
3/15/15 5:00:01 AM,C,0.012
3/15/15 7:00:01 AM,C,-1.495
3/15/15 9:00:01 AM,C,4.028
3/15/15 11:00:01 AM,C,8.544
3/15/15 1:00:01 PM,C,10.048
3/15/15 3:00:01 PM,C,11.552
3/15/15 5:00:01 PM,C,11.051
3/15/15 7:00:01 PM,C,8.042
3/15/15 9:00:01 PM,C,3.527
3/15/15 11:00:01 PM,C,3.025
3/16/15 1:00:01 AM,C,2.523
3/16/15 3:00:01 AM,C,2.021
3/16/15 5:00:01 AM,C,0.514
3/16/15 7:00:01 AM,C,0.012
3/16/15 9:00:01 AM,C,5.534
3/16/15 11:00:01 AM,C,7.541
3/16/15 1:00:01 PM,C,10.048
3/16/15 3:00:01 PM,C,11.552
3/16/15 5:00:01 PM,C,11.552
3/16/15 7:00:01 PM,C,9.045
3/16/15 9:00:01 PM,C,3.025
3/16/15 11:00:01 PM,C,2.523
3/17/15 1:00:01 AM,C,3.025
3/17/15 3:00:01 AM,C,3.025
3/17/15 5:00:01 AM,C,2.523
3/17/15 7:00:01 AM,C,2.523
3/17/15 9:00:01 AM,C,8.042
3/17/15 11:00:01 AM,C,8.544
3/17/15 1:00:01 PM,C,12.053
3/17/15 3:00:01 PM,C,11.552
3/17/15 5:00:01 PM,C,10.048
3/17/15 7:00:01 PM,C,8.042
3/17/15 9:00:01 PM,C,5.032
3/17/15 11:00:01 PM,C,4.53
3/18/15 1:00:01 AM,C,4.53
3/18/15 3:00:01 AM,C,3.025
3/18/15 5:00:01 AM,C,3.527
3/18/15 7:00:01 AM,C,2.523
3/18/15 9:00:01 AM,C,3.025
3/18/15 11:00:01 AM,C,5.032
3/18/15 1:00:01 PM,C,4.53
3/18/15 3:00:01 PM,C,7.039
3/18/15 5:00:01 PM,C,6.036
3/18/15 7:00:01 PM,C,3.527
3/18/15 9:00:01 PM,C,2.523
3/18/15 11:00:01 PM,C,2.021
3/19/15 1:00:01 AM,C,1.518
3/19/15 3:00:01 AM,C,1.518
3/19/15 5:00:01 AM,C,0.514
3/19/15 7:00:01 AM,C,0.514
3/19/15 9:00:01 AM,C,3.527
3/19/15 11:00:01 AM,C,4.028
3/19/15 1:00:01 PM,C,5.534
3/19/15 3:00:01 PM,C,3.527
3/19/15 5:00:01 PM,C,4.53
3/19/15 7:00:01 PM,C,4.028
3/19/15 9:00:01 PM,C,0.514
3/19/15 11:00:01 PM,C,-0.993
3/20/15 1:00:01 AM,C,-1.998
3/20/15 3:00:01 AM,C,-2.5
3/20/15 5:00:01 AM,C,-3.003
3/20/15 7:00:01 AM,C,-2.5
3/20/15 9:00:01 AM,C,1.016
3/20/15 11:00:01 AM,C,2.523
3/20/15 1:00:01 PM,C,2.523
3/20/15 3:00:01 PM,C,6.036
3/20/15 5:00:01 PM,C,5.534
3/20/15 7:00:01 PM,C,4.53
3/20/15 9:00:01 PM,C,-0.993
3/20/15 11:00:01 PM,C,-0.993
3/21/15 1:00:01 AM,C,-1.998
3/21/15 3:00:01 AM,C,-1.998
3/21/15 5:00:01 AM,C,-0.993
3/21/15 7:00:01 AM,C,-0.993
3/21/15 9:00:01 AM,C,3.025
3/21/15 11:00:01 AM,C,5.032
3/21/15 1:00:01 PM,C,6.036
3/21/15 3:00:01 PM,C,6.036
3/21/15 5:00:01 PM,C,7.541
3/21/15 7:00:01 PM,C,5.534
3/21/15 9:00:01 PM,C,1.016
3/21/15 11:00:01 PM,C,-0.49
3/22/15 1:00:01 AM,C,-1.495
3/22/15 3:00:01 AM,C,-1.495
3/22/15 5:00:01 AM,C,-0.993
3/22/15 7:00:01 AM,C,-1.495
3/22/15 9:00:01 AM,C,2.523
3/22/15 11:00:01 AM,C,5.534
3/22/15 1:00:01 PM,C,7.541
3/22/15 3:00:01 PM,C,8.042
3/22/15 5:00:01 PM,C,7.541
3/22/15 7:00:01 PM,C,4.53
3/22/15 9:00:01 PM,C,1.016
3/22/15 11:00:01 PM,C,1.016
3/23/15 1:00:01 AM,C,2.021
3/23/15 3:00:01 AM,C,1.518
3/23/15 5:00:01 AM,C,0.514
3/23/15 7:00:01 AM,C,-0.993
3/23/15 9:00:01 AM,C,1.016
3/23/15 11:00:01 AM,C,3.527
3/23/15 1:00:01 PM,C,5.534
3/23/15 3:00:01 PM,C,6.036
3/23/15 5:00:01 PM,C,5.534
3/23/15 7:00:01 PM,C,5.032
3/23/15 9:00:01 PM,C,1.016
3/23/15 11:00:01 PM,C,0.514
3/24/15 1:00:01 AM,C,-0.993
3/24/15 3:00:01 AM,C,-1.998
3/24/15 5:00:01 AM,C,-3.003
3/24/15 7:00:01 AM,C,-2.5
3/24/15 9:00:01 AM,C,0.514
3/24/15 11:00:01 AM,C,3.025
3/24/15 1:00:01 PM,C,4.53
3/24/15 3:00:01 PM,C,4.53
3/24/15 5:00:01 PM,C,4.53
3/24/15 7:00:01 PM,C,2.523
3/24/15 9:00:01 PM,C,0.012
3/24/15 11:00:01 PM,C,0.514
3/25/15 1:00:01 AM,C,-0.49
3/25/15 3:00:01 AM,C,-0.993
3/25/15 5:00:01 AM,C,-1.998
3/25/15 7:00:01 AM,C,-3.003
3/25/15 9:00:01 AM,C,-0.49
3/25/15 11:00:01 AM,C,-0.49
3/25/15 1:00:01 PM,C,0.012
3/25/15 3:00:01 PM,C,0.514
3/25/15 5:00:01 PM,C,1.518
3/25/15 7:00:01 PM,C,0.012
3/25/15 9:00:01 PM,C,-3.003
3/25/15 11:00:01 PM,C,-3.505
3/26/15 1:00:01 AM,C,-3.505
3/26/15 3:00:01 AM,C,-3.505
3/26/15 5:00:01 AM,C,-3.505
3/26/15 7:00:01 AM,C,-1.998
3/26/15 9:00:01 AM,C,-0.993
3/26/15 11:00:01 AM,C,2.021
3/26/15 1:00:01 PM,C,5.534
3/26/15 3:00:01 PM,C,7.039
3/26/15 5:00:01 PM,C,7.541
3/26/15 7:00:01 PM,C,5.534
3/26/15 9:00:01 PM,C,2.021
3/26/15 11:00:01 PM,C,3.025
3/27/15 1:00:01 AM,C,2.523
3/27/15 3:00:01 AM,C,2.021
3/27/15 5:00:01 AM,C,1.016
3/27/15 7:00:01 AM,C,1.518
3/27/15 9:00:01 AM,C,4.53
3/27/15 11:00:01 AM,C,7.541
3/27/15 1:00:01 PM,C,9.045
3/27/15 3:00:01 PM,C,10.549
3/27/15 5:00:01 PM,C,10.549
3/27/15 7:00:01 PM,C,8.544
3/27/15 9:00:01 PM,C,5.032
3/27/15 11:00:01 PM,C,4.028
3/28/15 1:00:01 AM,C,4.028
3/28/15 3:00:01 AM,C,1.016
3/28/15 5:00:01 AM,C,0.514
3/28/15 7:00:01 AM,C,1.016
3/28/15 9:00:01 AM,C,6.537
3/28/15 11:00:01 AM,C,9.045
3/28/15 1:00:01 PM,C,10.048
3/28/15 3:00:01 PM,C,11.051
3/28/15 5:00:01 PM,C,10.549
3/28/15 7:00:01 PM,C,9.547
3/28/15 9:00:01 PM,C,5.534
3/28/15 11:00:01 PM,C,3.527
3/29/15 1:00:01 AM,C,5.534
3/29/15 3:00:01 AM,C,3.527
3/29/15 5:00:01 AM,C,1.518
3/29/15 7:00:01 AM,C,4.028
3/29/15 9:00:01 AM,C,7.541
3/29/15 11:00:01 AM,C,9.045
3/29/15 1:00:01 PM,C,11.051
3/29/15 3:00:01 PM,C,11.552
3/29/15 5:00:01 PM,C,11.552
3/29/15 7:00:01 PM,C,9.547
3/29/15 9:00:01 PM,C,5.534
3/29/15 11:00:01 PM,C,3.527
3/30/15 1:00:01 AM,C,3.527
3/30/15 3:00:01 AM,C,3.527
3/30/15 5:00:01 AM,C,4.028
3/30/15 7:00:01 AM,C,2.021
3/30/15 9:00:01 AM,C,7.039
3/30/15 11:00:01 AM,C,9.547
3/30/15 1:00:01 PM,C,11.051
3/30/15 3:00:01 PM,C,10.549
3/30/15 5:00:01 PM,C,9.045
3/30/15 7:00:01 PM,C,8.042
3/30/15 9:00:01 PM,C,5.534
3/30/15 11:00:01 PM,C,5.032
3/31/15 1:00:01 AM,C,2.021
3/31/15 3:00:01 AM,C,1.518
3/31/15 5:00:01 AM,C,2.021
3/31/15 7:00:01 AM,C,2.021
3/31/15 9:00:01 AM,C,7.541
3/31/15 11:00:01 AM,C,10.048
3/31/15 1:00:01 PM,C,11.552
3/31/15 3:00:01 PM,C,10.048
3/31/15 5:00:01 PM,C,11.552
3/31/15 7:00:01 PM,C,8.544
3/31/15 9:00:01 PM,C,4.028
3/31/15 11:00:01 PM,C,6.036
4/1/15 1:00:01 AM,C,5.534
4/1/15 3:00:01 AM,C,4.028
4/1/15 5:00:01 AM,C,1.518
4/1/15 7:00:01 AM,C,1.016
4/1/15 9:00:01 AM,C,4.028
4/1/15 11:00:01 AM,C,5.032
4/1/15 1:00:01 PM,C,7.039
4/1/15 3:00:01 PM,C,8.544
4/1/15 5:00:01 PM,C,7.541
4/1/15 7:00:01 PM,C,6.036
4/1/15 9:00:01 PM,C,1.518
4/1/15 11:00:01 PM,C,1.016
4/2/15 1:00:01 AM,C,0.514
4/2/15 3:00:01 AM,C,1.016
4/2/15 5:00:01 AM,C,1.016
4/2/15 7:00:01 AM,C,0.012
4/2/15 9:00:01 AM,C,0.514
4/2/15 11:00:01 AM,C,3.025
4/2/15 1:00:01 PM,C,5.032
4/2/15 3:00:01 PM,C,5.534
4/2/15 5:00:01 PM,C,5.032
4/2/15 7:00:01 PM,C,2.523
4/2/15 9:00:01 PM,C,-2.5
4/2/15 11:00:01 PM,C,-4.51
4/3/15 1:00:01 AM,C,-6.019
4/3/15 3:00:01 AM,C,-7.024
4/3/15 5:00:01 AM,C,-7.024
4/3/15 7:00:01 AM,C,-5.516
4/3/15 9:00:01 AM,C,-0.49
4/3/15 11:00:01 AM,C,-0.49
4/3/15 1:00:01 PM,C,1.518
4/3/15 3:00:01 PM,C,3.025
4/3/15 5:00:01 PM,C,3.527
4/3/15 7:00:01 PM,C,1.016
4/3/15 9:00:01 PM,C,-3.003
4/3/15 11:00:01 PM,C,-4.008
4/4/15 1:00:01 AM,C,-4.51
4/4/15 3:00:01 AM,C,-4.51
4/4/15 5:00:01 AM,C,-4.008
4/4/15 7:00:01 AM,C,-4.008
4/4/15 9:00:01 AM,C,2.523
4/4/15 11:00:01 AM,C,3.527
4/4/15 1:00:01 PM,C,6.036
4/4/15 3:00:01 PM,C,7.039
4/4/15 5:00:01 PM,C,7.039
4/4/15 7:00:01 PM,C,5.534
4/4/15 9:00:01 PM,C,0.514
4/4/15 11:00:01 PM,C,1.518
4/5/15 1:00:01 AM,C,2.523
4/5/15 3:00:01 AM,C,2.021
4/5/15 5:00:01 AM,C,0.514
4/5/15 7:00:01 AM,C,-1.495
4/5/15 9:00:01 AM,C,3.527
4/5/15 11:00:01 AM,C,4.028
4/5/15 1:00:01 PM,C,6.036
4/5/15 3:00:01 PM,C,7.541
4/5/15 5:00:01 PM,C,8.042
4/5/15 7:00:01 PM,C,6.537
4/5/15 9:00:01 PM,C,4.53
4/5/15 11:00:01 PM,C,3.527
4/6/15 1:00:01 AM,C,2.021
4/6/15 3:00:01 AM,C,0.514
4/6/15 5:00:01 AM,C,0.012
4/6/15 7:00:01 AM,C,-0.993
4/6/15 9:00:01 AM,C,5.032
4/6/15 11:00:01 AM,C,5.534
4/6/15 1:00:01 PM,C,6.036
4/6/15 3:00:01 PM,C,8.042
4/6/15 5:00:01 PM,C,8.042
4/6/15 7:00:01 PM,C,6.036
4/6/15 9:00:01 PM,C,3.527
4/6/15 11:00:01 PM,C,2.523
4/7/15 1:00:01 AM,C,0.514
4/7/15 3:00:01 AM,C,-1.495
4/7/15 5:00:01 AM,C,-1.998
4/7/15 7:00:01 AM,C,-1.998
4/7/15 9:00:01 AM,C,3.025
4/7/15 11:00:01 AM,C,4.028
4/7/15 1:00:01 PM,C,6.036
4/7/15 3:00:01 PM,C,6.537
4/7/15 5:00:01 PM,C,6.537
4/7/15 7:00:01 PM,C,5.534
4/7/15 9:00:01 PM,C,3.527
4/7/15 11:00:01 PM,C,2.523
4/8/15 1:00:01 AM,C,1.518
4/8/15 3:00:01 AM,C,0.514
4/8/15 5:00:01 AM,C,-0.49
4/8/15 7:00:01 AM,C,-0.49
4/8/15 9:00:01 AM,C,2.523
4/8/15 11:00:01 AM,C,2.523
4/8/15 1:00:01 PM,C,3.025
4/8/15 3:00:01 PM,C,4.028
4/8/15 5:00:01 PM,C,2.523
4/8/15 7:00:01 PM,C,-0.49
4/8/15 9:00:01 PM,C,-4.008
4/8/15 11:00:01 PM,C,-6.019
4/9/15 1:00:01 AM,C,-6.521
4/9/15 3:00:01 AM,C,-7.024
4/9/15 5:00:01 AM,C,-7.024
4/9/15 7:00:01 AM,C,-6.521
4/9/15 9:00:01 AM,C,0.012
4/9/15 11:00:01 AM,C,1.518
4/9/15 1:00:01 PM,C,3.527
4/9/15 3:00:01 PM,C,5.032
4/9/15 5:00:01 PM,C,5.032
4/9/15 7:00:01 PM,C,3.527
4/9/15 9:00:01 PM,C,-0.49
4/9/15 11:00:01 PM,C,0.012
4/10/15 1:00:01 AM,C,0.514
4/10/15 3:00:01 AM,C,-0.49
4/10/15 5:00:01 AM,C,-0.993
4/10/15 7:00:01 AM,C,-0.993
4/10/15 9:00:01 AM,C,4.53
4/10/15 11:00:01 AM,C,5.534
4/10/15 1:00:01 PM,C,6.537
4/10/15 3:00:01 PM,C,7.541
4/10/15 5:00:01 PM,C,7.039
4/10/15 7:00:01 PM,C,5.534
4/10/15 9:00:01 PM,C,1.016
4/10/15 11:00:01 PM,C,0.514
4/11/15 1:00:01 AM,C,0.012
4/11/15 3:00:01 AM,C,0.514
4/11/15 5:00:01 AM,C,-0.49
4/11/15 7:00:01 AM,C,-0.993
4/11/15 9:00:01 AM,C,6.537
4/11/15 11:00:01 AM,C,6.036
4/11/15 1:00:01 PM,C,6.537
4/11/15 3:00:01 PM,C,5.534
4/11/15 5:00:01 PM,C,7.541
4/11/15 7:00:01 PM,C,5.534
4/11/15 9:00:01 PM,C,1.016
4/11/15 11:00:01 PM,C,0.514
4/12/15 1:00:01 AM,C,0.012
4/12/15 3:00:01 AM,C,-0.49
4/12/15 5:00:01 AM,C,-0.993
4/12/15 7:00:01 AM,C,-0.993
4/12/15 9:00:01 AM,C,3.527
4/12/15 11:00:01 AM,C,5.032
4/12/15 1:00:01 PM,C,6.036
4/12/15 3:00:01 PM,C,7.039
4/12/15 5:00:01 PM,C,7.541
4/12/15 7:00:01 PM,C,6.537
4/12/15 9:00:01 PM,C,3.025
4/12/15 11:00:01 PM,C,2.021
4/13/15 1:00:01 AM,C,2.021
4/13/15 3:00:01 AM,C,2.021
4/13/15 5:00:01 AM,C,2.021
4/13/15 7:00:01 AM,C,0.514
4/13/15 9:00:01 AM,C,7.541
4/13/15 11:00:01 AM,C,8.042
4/13/15 1:00:01 PM,C,9.547
4/13/15 3:00:01 PM,C,10.048
4/13/15 5:00:01 PM,C,10.549
4/13/15 7:00:01 PM,C,9.045
4/13/15 9:00:01 PM,C,3.527
4/13/15 11:00:01 PM,C,3.527
4/14/15 1:00:01 AM,C,2.523
4/14/15 3:00:01 AM,C,1.016
4/14/15 5:00:01 AM,C,1.016
4/14/15 7:00:01 AM,C,1.016
4/14/15 9:00:01 AM,C,6.036
4/14/15 11:00:01 AM,C,7.039
4/14/15 1:00:01 PM,C,8.042
4/14/15 3:00:01 PM,C,9.547
4/14/15 5:00:01 PM,C,10.549
4/14/15 7:00:01 PM,C,6.537
4/14/15 9:00:01 PM,C,5.534
4/14/15 11:00:01 PM,C,4.028
4/15/15 1:00:01 AM,C,3.527
4/15/15 3:00:01 AM,C,-0.49
4/15/15 5:00:01 AM,C,-3.003
4/15/15 7:00:01 AM,C,-6.521
4/15/15 9:00:01 AM,C,-6.019
4/15/15 11:00:01 AM,C,-5.013
4/15/15 1:00:01 PM,C,-3.505
4/15/15 3:00:01 PM,C,-1.998
4/15/15 5:00:01 PM,C,-1.495
4/15/15 7:00:01 PM,C,-4.51
4/15/15 9:00:01 PM,C,-7.527
4/15/15 11:00:01 PM,C,-8.533
4/16/15 1:00:01 AM,C,-7.024
4/16/15 3:00:01 AM,C,-8.03
4/16/15 5:00:01 AM,C,-8.03
4/16/15 7:00:01 AM,C,-7.527
4/16/15 9:00:01 AM,C,-5.516
4/16/15 11:00:01 AM,C,-3.003
4/16/15 1:00:01 PM,C,-2.5
4/16/15 3:00:01 PM,C,-1.998
4/16/15 5:00:01 PM,C,-2.5
4/16/15 7:00:01 PM,C,-4.008
4/16/15 9:00:01 PM,C,-5.516
4/16/15 11:00:01 PM,C,-6.019
4/17/15 1:00:01 AM,C,-7.024
4/17/15 3:00:01 AM,C,-8.03
4/17/15 5:00:01 AM,C,-8.03
4/17/15 7:00:01 AM,C,-8.533
4/17/15 9:00:01 AM,C,-5.516
4/17/15 11:00:01 AM,C,-4.51
4/17/15 1:00:01 PM,C,-5.516
4/17/15 3:00:01 PM,C,-3.505
4/17/15 5:00:01 PM,C,-4.51
4/17/15 7:00:01 PM,C,-5.516
4/17/15 9:00:01 PM,C,-5.516
4/17/15 11:00:01 PM,C,-5.516
4/18/15 1:00:01 AM,C,-5.516
4/18/15 3:00:01 AM,C,-5.516
4/18/15 5:00:01 AM,C,-7.024
4/18/15 7:00:01 AM,C,-7.024
4/18/15 9:00:01 AM,C,-1.998
4/18/15 11:00:01 AM,C,-1.998
4/18/15 1:00:01 PM,C,-1.998
4/18/15 3:00:01 PM,C,-1.998
4/18/15 5:00:01 PM,C,1.518
4/18/15 7:00:01 PM,C,0.514
4/18/15 9:00:01 PM,C,-1.495
4/18/15 11:00:01 PM,C,-1.998
4/19/15 1:00:01 AM,C,-3.003
4/19/15 3:00:01 AM,C,-3.505
4/19/15 5:00:01 AM,C,-3.003
4/19/15 7:00:01 AM,C,-1.998
4/19/15 9:00:01 AM,C,2.021
4/19/15 11:00:01 AM,C,2.523
4/19/15 1:00:01 PM,C,4.53
4/19/15 3:00:01 PM,C,5.032
4/19/15 5:00:01 PM,C,3.025
4/19/15 7:00:01 PM,C,3.025
4/19/15 9:00:01 PM,C,-0.49
4/19/15 11:00:01 PM,C,-0.993
4/20/15 1:00:01 AM,C,-0.49
4/20/15 3:00:01 AM,C,-0.49
4/20/15 5:00:01 AM,C,-0.993
4/20/15 7:00:01 AM,C,-0.993
4/20/15 9:00:01 AM,C,3.025
4/20/15 11:00:01 AM,C,4.53
4/20/15 1:00:01 PM,C,4.53
4/20/15 3:00:01 PM,C,3.527
4/20/15 5:00:01 PM,C,1.518
4/20/15 7:00:01 PM,C,4.028
4/20/15 9:00:01 PM,C,1.518
4/20/15 11:00:01 PM,C,0.514
4/21/15 1:00:01 AM,C,-1.495
4/21/15 3:00:01 AM,C,-0.49
4/21/15 5:00:01 AM,C,-0.49
4/21/15 7:00:01 AM,C,-0.49
4/21/15 9:00:01 AM,C,5.534
4/21/15 11:00:01 AM,C,7.039
4/21/15 1:00:01 PM,C,9.045
4/21/15 3:00:01 PM,C,10.048
4/21/15 5:00:01 PM,C,10.549
4/21/15 7:00:01 PM,C,8.042
4/21/15 9:00:01 PM,C,1.518
4/21/15 11:00:01 PM,C,0.514
4/22/15 1:00:01 AM,C,1.518
4/22/15 3:00:01 AM,C,2.021
4/22/15 5:00:01 AM,C,0.514
4/22/15 7:00:01 AM,C,0.012
4/22/15 9:00:01 AM,C,4.53
4/22/15 11:00:01 AM,C,5.534
4/22/15 1:00:01 PM,C,4.028
4/22/15 3:00:01 PM,C,6.036
4/22/15 5:00:01 PM,C,9.547
4/22/15 7:00:01 PM,C,7.039
4/22/15 9:00:01 PM,C,2.021
4/22/15 11:00:01 PM,C,2.021
4/23/15 1:00:01 AM,C,1.518
4/23/15 3:00:01 AM,C,1.016
4/23/15 5:00:01 AM,C,-0.49
4/23/15 7:00:01 AM,C,-0.49
4/23/15 9:00:01 AM,C,4.028
4/23/15 11:00:01 AM,C,5.534
4/23/15 1:00:01 PM,C,6.537
4/23/15 3:00:01 PM,C,6.537
4/23/15 5:00:01 PM,C,5.032
4/23/15 7:00:01 PM,C,4.53
4/23/15 9:00:01 PM,C,2.021
4/23/15 11:00:01 PM,C,0.012
4/24/15 1:00:01 AM,C,0.012
4/24/15 3:00:01 AM,C,-1.495
4/24/15 5:00:01 AM,C,-1.495
4/24/15 7:00:01 AM,C,-1.998
4/24/15 9:00:01 AM,C,0.514
4/24/15 11:00:01 AM,C,3.527
4/24/15 1:00:01 PM,C,-0.49
4/24/15 3:00:01 PM,C,1.518
4/24/15 5:00:01 PM,C,2.523
4/24/15 7:00:01 PM,C,2.523
4/24/15 9:00:01 PM,C,-0.49
4/24/15 11:00:01 PM,C,-1.495
4/25/15 1:00:01 AM,C,-1.495
4/25/15 3:00:01 AM,C,-1.495
4/25/15 5:00:01 AM,C,-1.495
4/25/15 7:00:01 AM,C,-1.998
4/25/15 9:00:01 AM,C,-1.495
4/25/15 11:00:01 AM,C,0.012
4/25/15 1:00:01 PM,C,-0.993
4/25/15 3:00:01 PM,C,1.518
4/25/15 5:00:01 PM,C,1.016
4/25/15 7:00:01 PM,C,1.016
4/25/15 9:00:01 PM,C,-0.993
4/25/15 11:00:01 PM,C,-1.495
4/26/15 1:00:01 AM,C,-1.495
4/26/15 3:00:01 AM,C,-1.495
4/26/15 5:00:01 AM,C,-1.998
4/26/15 7:00:01 AM,C,-1.998
4/26/15 9:00:01 AM,C,-0.993
4/26/15 11:00:01 AM,C,-0.49
4/26/15 1:00:01 PM,C,2.021
4/26/15 3:00:01 PM,C,-0.49
4/26/15 5:00:01 PM,C,1.016
4/26/15 7:00:01 PM,C,0.012
4/26/15 9:00:01 PM,C,-0.49
4/26/15 11:00:01 PM,C,-0.993
4/27/15 1:00:01 AM,C,-1.998
4/27/15 3:00:01 AM,C,-1.998
4/27/15 5:00:01 AM,C,-3.505
4/27/15 7:00:01 AM,C,-1.998
4/27/15 9:00:01 AM,C,2.523
4/27/15 11:00:01 AM,C,5.032
4/27/15 1:00:01 PM,C,4.53
4/27/15 3:00:01 PM,C,4.53
4/27/15 5:00:01 PM,C,7.039
4/27/15 7:00:01 PM,C,1.518
4/27/15 9:00:01 PM,C,0.514
4/27/15 11:00:01 PM,C,-0.49
4/28/15 1:00:01 AM,C,-0.993
4/28/15 3:00:01 AM,C,0.012
4/28/15 5:00:01 AM,C,-0.49
4/28/15 7:00:01 AM,C,-0.993
4/28/15 9:00:01 AM,C,1.016
4/28/15 11:00:01 AM,C,1.518
4/28/15 1:00:01 PM,C,3.025
4/28/15 3:00:01 PM,C,3.527
4/28/15 5:00:01 PM,C,5.032
4/28/15 7:00:01 PM,C,2.523
4/28/15 9:00:01 PM,C,1.518
4/28/15 11:00:01 PM,C,0.514
4/29/15 1:00:01 AM,C,0.012
4/29/15 3:00:01 AM,C,0.012
4/29/15 5:00:01 AM,C,-0.49
4/29/15 7:00:01 AM,C,-1.495
4/29/15 9:00:01 AM,C,5.032
4/29/15 11:00:01 AM,C,7.541
4/29/15 1:00:01 PM,C,10.048
4/29/15 3:00:01 PM,C,12.053
4/29/15 5:00:01 PM,C,12.053
4/29/15 7:00:01 PM,C,11.051
4/29/15 9:00:01 PM,C,6.537
4/29/15 11:00:01 PM,C,3.527
4/30/15 1:00:01 AM,C,3.025
4/30/15 3:00:01 AM,C,3.025
4/30/15 5:00:01 AM,C,4.028
4/30/15 7:00:01 AM,C,4.028
4/30/15 9:00:01 AM,C,9.547
4/30/15 11:00:01 AM,C,12.053
4/30/15 1:00:01 PM,C,12.053
4/30/15 3:00:01 PM,C,13.556
4/30/15 5:00:01 PM,C,12.554
4/30/15 7:00:01 PM,C,12.554
4/30/15 9:00:01 PM,C,6.537
4/30/15 11:00:01 PM,C,6.036
5/1/15 1:00:01 AM,C,5.534
5/1/15 3:00:01 AM,C,5.032
5/1/15 5:00:01 AM,C,5.032
5/1/15 7:00:01 AM,C,5.032
5/1/15 9:00:01 AM,C,11.051
5/1/15 11:00:01 AM,C,12.554
5/1/15 1:00:01 PM,C,10.549
5/1/15 3:00:01 PM,C,14.057
5/1/15 5:00:01 PM,C,15.059
5/1/15 7:00:01 PM,C,13.055
5/1/15 9:00:01 PM,C,7.541
5/1/15 11:00:01 PM,C,5.534
5/2/15 1:00:01 AM,C,5.534
5/2/15 3:00:01 AM,C,5.032
5/2/15 5:00:01 AM,C,4.028
5/2/15 7:00:01 AM,C,4.028
5/2/15 9:00:01 AM,C,9.045
5/2/15 11:00:01 AM,C,11.552
5/2/15 1:00:01 PM,C,13.055
5/2/15 3:00:01 PM,C,14.057
5/2/15 5:00:01 PM,C,15.059
5/2/15 7:00:01 PM,C,12.053
5/2/15 9:00:01 PM,C,8.042
5/2/15 11:00:01 PM,C,5.032
5/3/15 1:00:01 AM,C,4.53
5/3/15 3:00:01 AM,C,3.025
5/3/15 5:00:01 AM,C,3.025
5/3/15 7:00:01 AM,C,3.527
5/3/15 9:00:01 AM,C,6.537
5/3/15 11:00:01 AM,C,5.534
5/3/15 1:00:01 PM,C,8.544
5/3/15 3:00:01 PM,C,12.554
5/3/15 5:00:01 PM,C,5.032
5/3/15 7:00:01 PM,C,6.537
5/3/15 9:00:01 PM,C,4.53
5/3/15 11:00:01 PM,C,3.527
5/4/15 1:00:01 AM,C,2.021
5/4/15 3:00:01 AM,C,1.518
5/4/15 5:00:01 AM,C,1.518
5/4/15 7:00:01 AM,C,2.021
5/4/15 9:00:01 AM,C,7.541
5/4/15 11:00:01 AM,C,11.552
5/4/15 1:00:01 PM,C,5.534
5/4/15 3:00:01 PM,C,7.541
5/4/15 5:00:01 PM,C,5.032
5/4/15 7:00:01 PM,C,5.032
5/4/15 9:00:01 PM,C,3.025
5/4/15 11:00:01 PM,C,2.523
5/5/15 1:00:01 AM,C,2.021
5/5/15 3:00:01 AM,C,2.021
5/5/15 5:00:01 AM,C,1.518
5/5/15 7:00:01 AM,C,1.016
5/5/15 9:00:01 AM,C,1.016
5/5/15 11:00:01 AM,C,1.518
5/5/15 1:00:01 PM,C,2.021
5/5/15 3:00:01 PM,C,1.518
5/5/15 5:00:01 PM,C,1.518
5/5/15 7:00:01 PM,C,0.514
5/5/15 9:00:01 PM,C,0.012
5/5/15 11:00:01 PM,C,0.012
5/6/15 1:00:01 AM,C,0.514
5/6/15 3:00:01 AM,C,1.016
5/6/15 5:00:01 AM,C,0.012
5/6/15 7:00:01 AM,C,0.514
5/6/15 9:00:01 AM,C,1.016
5/6/15 11:00:01 AM,C,1.016
5/6/15 1:00:01 PM,C,2.523
5/6/15 3:00:01 PM,C,3.527
5/6/15 5:00:01 PM,C,6.036
5/6/15 7:00:01 PM,C,1.016
5/6/15 9:00:01 PM,C,0.012
5/6/15 11:00:01 PM,C,0.514
5/7/15 1:00:01 AM,C,0.012
5/7/15 3:00:01 AM,C,0.012
5/7/15 5:00:01 AM,C,-0.993
5/7/15 7:00:01 AM,C,-1.998
5/7/15 9:00:01 AM,C,2.523
5/7/15 11:00:01 AM,C,4.53
5/7/15 1:00:01 PM,C,6.036
5/7/15 3:00:01 PM,C,9.045
5/7/15 5:00:01 PM,C,11.051
5/7/15 7:00:01 PM,C,6.036
5/7/15 9:00:01 PM,C,4.53
5/7/15 11:00:01 PM,C,3.025
5/8/15 1:00:01 AM,C,2.523
5/8/15 3:00:01 AM,C,1.016
5/8/15 5:00:01 AM,C,-0.49
5/8/15 7:00:01 AM,C,-0.49
5/8/15 9:00:01 AM,C,3.025
5/8/15 11:00:01 AM,C,6.036
5/8/15 1:00:01 PM,C,7.541
5/8/15 3:00:01 PM,C,6.036
5/8/15 5:00:01 PM,C,3.527
5/8/15 7:00:01 PM,C,2.523
5/8/15 9:00:01 PM,C,-1.998
5/8/15 11:00:01 PM,C,-2.5
5/9/15 1:00:01 AM,C,-3.505
5/9/15 3:00:01 AM,C,-4.008
5/9/15 5:00:01 AM,C,-4.51
5/9/15 7:00:01 AM,C,-5.013
5/9/15 9:00:01 AM,C,-4.51
5/9/15 11:00:01 AM,C,-4.008
5/9/15 1:00:01 PM,C,-3.505
5/9/15 3:00:01 PM,C,-0.49
5/9/15 5:00:01 PM,C,-4.008
5/9/15 7:00:01 PM,C,-4.008
5/9/15 9:00:01 PM,C,-4.008
5/9/15 11:00:01 PM,C,-4.51
5/10/15 1:00:01 AM,C,-4.008
5/10/15 3:00:01 AM,C,-4.008
5/10/15 5:00:01 AM,C,-4.008
5/10/15 7:00:01 AM,C,-3.505
5/10/15 9:00:01 AM,C,-0.49
5/10/15 11:00:01 AM,C,0.012
5/10/15 1:00:01 PM,C,2.021
5/10/15 3:00:01 PM,C,0.012
5/10/15 5:00:01 PM,C,0.012
5/10/15 7:00:01 PM,C,-0.993
5/10/15 9:00:01 PM,C,-1.998
5/10/15 11:00:01 PM,C,-3.003
5/11/15 1:00:01 AM,C,-3.505
5/11/15 3:00:01 AM,C,-3.505
5/11/15 5:00:01 AM,C,-4.008
5/11/15 7:00:01 AM,C,-4.008
5/11/15 9:00:01 AM,C,2.021
5/11/15 11:00:01 AM,C,4.53
5/11/15 1:00:01 PM,C,6.036
5/11/15 3:00:01 PM,C,8.544
5/11/15 5:00:01 PM,C,9.547
5/11/15 7:00:01 PM,C,6.036
5/11/15 9:00:01 PM,C,3.527
5/11/15 11:00:01 PM,C,2.523
5/12/15 1:00:01 AM,C,5.032
5/12/15 3:00:01 AM,C,4.028
5/12/15 5:00:01 AM,C,3.527
5/12/15 7:00:01 AM,C,4.028
5/12/15 9:00:01 AM,C,7.541
5/12/15 11:00:01 AM,C,9.045
5/12/15 1:00:01 PM,C,10.549
5/12/15 3:00:01 PM,C,11.552
5/12/15 5:00:01 PM,C,2.523
5/12/15 7:00:01 PM,C,3.025
5/12/15 9:00:01 PM,C,2.021
5/12/15 11:00:01 PM,C,2.523
5/13/15 1:00:01 AM,C,2.523
5/13/15 3:00:01 AM,C,2.021
5/13/15 5:00:01 AM,C,1.016
5/13/15 7:00:01 AM,C,0.514
5/13/15 9:00:01 AM,C,4.028
5/13/15 11:00:01 AM,C,5.534
5/13/15 1:00:01 PM,C,6.537
5/13/15 3:00:01 PM,C,7.039
5/13/15 5:00:01 PM,C,9.045
5/13/15 7:00:01 PM,C,7.039
5/13/15 9:00:01 PM,C,3.527
5/13/15 11:00:01 PM,C,2.523
5/14/15 1:00:01 AM,C,3.527
5/14/15 3:00:01 AM,C,3.025
5/14/15 5:00:01 AM,C,2.523
5/14/15 7:00:01 AM,C,3.025
5/14/15 9:00:01 AM,C,3.527
5/14/15 11:00:01 AM,C,5.032
5/14/15 1:00:01 PM,C,8.544
5/14/15 3:00:01 PM,C,10.048
5/14/15 5:00:01 PM,C,11.051
5/14/15 7:00:01 PM,C,6.036
5/14/15 9:00:01 PM,C,7.541
5/14/15 11:00:01 PM,C,5.534
5/15/15 1:00:01 AM,C,4.53
5/15/15 3:00:01 AM,C,2.021
5/15/15 5:00:01 AM,C,-0.993
5/15/15 7:00:01 AM,C,-1.495
5/15/15 9:00:01 AM,C,-0.993
5/15/15 11:00:01 AM,C,1.518
5/15/15 1:00:01 PM,C,0.012
5/15/15 3:00:01 PM,C,2.021
5/15/15 5:00:01 PM,C,3.025
5/15/15 7:00:01 PM,C,0.012
5/15/15 9:00:01 PM,C,-1.495
5/15/15 11:00:01 PM,C,-1.495
5/16/15 1:00:01 AM,C,-2.5
5/16/15 3:00:01 AM,C,-2.5
5/16/15 5:00:01 AM,C,-2.5
5/16/15 7:00:01 AM,C,-1.998
5/16/15 9:00:01 AM,C,-1.495
5/16/15 11:00:01 AM,C,0.012
5/16/15 1:00:01 PM,C,1.016
5/16/15 3:00:01 PM,C,0.012
5/16/15 5:00:01 PM,C,-1.998
5/16/15 7:00:01 PM,C,0.012
5/16/15 9:00:01 PM,C,-1.495
5/16/15 11:00:01 PM,C,-1.495
5/17/15 1:00:01 AM,C,-1.495
5/17/15 3:00:01 AM,C,-1.495
5/17/15 5:00:01 AM,C,-1.495
5/17/15 7:00:01 AM,C,-1.495
5/17/15 9:00:01 AM,C,2.523
5/17/15 11:00:01 AM,C,3.527
5/17/15 1:00:01 PM,C,2.021
5/17/15 3:00:01 PM,C,5.534
5/17/15 5:00:01 PM,C,6.537
5/17/15 7:00:01 PM,C,3.025
5/17/15 9:00:01 PM,C,0.012
5/17/15 11:00:01 PM,C,0.514
5/18/15 1:00:01 AM,C,0.514
5/18/15 3:00:01 AM,C,0.514
5/18/15 5:00:01 AM,C,1.016
5/18/15 7:00:01 AM,C,1.518
5/18/15 9:00:01 AM,C,7.541
5/18/15 11:00:01 AM,C,8.544
5/18/15 1:00:01 PM,C,10.048
5/18/15 3:00:01 PM,C,7.541
5/18/15 5:00:01 PM,C,9.045
5/18/15 7:00:01 PM,C,7.039
5/18/15 9:00:01 PM,C,1.016
5/18/15 11:00:01 PM,C,0.012
5/19/15 1:00:01 AM,C,0.012
5/19/15 3:00:01 AM,C,-0.49
5/19/15 5:00:01 AM,C,-1.495
5/19/15 7:00:01 AM,C,-1.495
5/19/15 9:00:01 AM,C,1.016
5/19/15 11:00:01 AM,C,1.518
5/19/15 1:00:01 PM,C,-0.49
5/19/15 3:00:01 PM,C,2.523
5/19/15 5:00:01 PM,C,3.025
5/19/15 7:00:01 PM,C,-0.49
5/19/15 9:00:01 PM,C,-0.993
5/19/15 11:00:01 PM,C,-1.495
5/20/15 1:00:01 AM,C,-1.495
5/20/15 3:00:01 AM,C,-1.998
5/20/15 5:00:01 AM,C,-2.5
5/20/15 7:00:01 AM,C,-1.998
5/20/15 9:00:01 AM,C,5.032
5/20/15 11:00:01 AM,C,7.039
5/20/15 1:00:01 PM,C,9.547
5/20/15 3:00:01 PM,C,11.051
5/20/15 5:00:01 PM,C,9.547
5/20/15 7:00:01 PM,C,7.541
5/20/15 9:00:01 PM,C,6.036
5/20/15 11:00:01 PM,C,5.534
5/21/15 1:00:01 AM,C,6.036
5/21/15 3:00:01 AM,C,4.53
5/21/15 5:00:01 AM,C,5.032
5/21/15 7:00:01 AM,C,5.032
5/21/15 9:00:01 AM,C,9.045
5/21/15 11:00:01 AM,C,10.048
5/21/15 1:00:01 PM,C,11.552
5/21/15 3:00:01 PM,C,11.051
5/21/15 5:00:01 PM,C,9.045
5/21/15 7:00:01 PM,C,8.042
5/21/15 9:00:01 PM,C,5.534
5/21/15 11:00:01 PM,C,1.016
5/22/15 1:00:01 AM,C,0.514
5/22/15 3:00:01 AM,C,0.514
5/22/15 5:00:01 AM,C,-0.993
5/22/15 7:00:01 AM,C,-0.993
5/22/15 9:00:01 AM,C,4.53
5/22/15 11:00:01 AM,C,7.039
5/22/15 1:00:01 PM,C,8.042
5/22/15 3:00:01 PM,C,8.042
5/22/15 5:00:01 PM,C,3.025
5/22/15 7:00:01 PM,C,6.036
5/22/15 9:00:01 PM,C,3.527
5/22/15 11:00:01 PM,C,3.025
5/23/15 1:00:01 AM,C,0.012
5/23/15 3:00:01 AM,C,-0.49
5/23/15 5:00:01 AM,C,-1.998
5/23/15 7:00:01 AM,C,-1.998
5/23/15 9:00:01 AM,C,2.523
5/23/15 11:00:01 AM,C,1.518
5/23/15 1:00:01 PM,C,1.016
5/23/15 3:00:01 PM,C,2.523
5/23/15 5:00:01 PM,C,0.012
5/23/15 7:00:01 PM,C,-0.993
5/23/15 9:00:01 PM,C,-1.495
5/23/15 11:00:01 PM,C,-1.495
5/24/15 1:00:01 AM,C,-1.998
5/24/15 3:00:01 AM,C,-1.998
5/24/15 5:00:01 AM,C,-1.998
5/24/15 7:00:01 AM,C,-1.998
5/24/15 9:00:01 AM,C,0.012
5/24/15 11:00:01 AM,C,1.016
5/24/15 1:00:01 PM,C,1.016
5/24/15 3:00:01 PM,C,2.021
5/24/15 5:00:01 PM,C,1.518
5/24/15 7:00:01 PM,C,2.021
5/24/15 9:00:01 PM,C,0.012
5/24/15 11:00:01 PM,C,-0.993
5/25/15 1:00:01 AM,C,0.012
5/25/15 3:00:01 AM,C,0.012
5/25/15 5:00:01 AM,C,0.012
5/25/15 7:00:01 AM,C,0.012
5/25/15 9:00:01 AM,C,0.514
5/25/15 11:00:01 AM,C,3.527
5/25/15 1:00:01 PM,C,1.518
5/25/15 3:00:01 PM,C,1.016
5/25/15 5:00:01 PM,C,0.514
5/25/15 7:00:01 PM,C,4.028
5/25/15 9:00:01 PM,C,1.016
5/25/15 11:00:01 PM,C,1.016
5/26/15 1:00:01 AM,C,0.012
5/26/15 3:00:01 AM,C,1.016
5/26/15 5:00:01 AM,C,0.514
5/26/15 7:00:01 AM,C,0.012
5/26/15 9:00:01 AM,C,4.53
5/26/15 11:00:01 AM,C,5.534
5/26/15 1:00:01 PM,C,8.042
5/26/15 3:00:01 PM,C,9.045
5/26/15 5:00:01 PM,C,8.544
5/26/15 7:00:01 PM,C,8.544
5/26/15 9:00:01 PM,C,4.53
5/26/15 11:00:01 PM,C,4.028
5/27/15 1:00:01 AM,C,3.025
5/27/15 3:00:01 AM,C,2.021
5/27/15 5:00:01 AM,C,2.523
5/27/15 7:00:01 AM,C,3.527
5/27/15 9:00:01 AM,C,8.042
5/27/15 11:00:01 AM,C,9.045
5/27/15 1:00:01 PM,C,11.552
5/27/15 3:00:01 PM,C,15.059
5/27/15 5:00:01 PM,C,13.055
5/27/15 7:00:01 PM,C,11.051
